39.5500507
39.25143058
39.28155206
39.56500723
40.0788847
39.52371107
40.14236778
40.01161648
39.01169832
38.99873226
39.5643671
40.029082
39.49320667
39.4656263
39.59873812
39.7062645
39.96647734
39.93582072
40.20814028
39.49909336
39.16007133
39.57374086
39.12326795
39.15973077
39.52230169
40.20698186
39.19402084
39.46309005
39.23325854
39.89631327
39.44229896
38.99735946
39.89048544
39.15280485
39.08076881
39.04089557
39.73644522
39.9071557
39.92090804
39.86119194
39.26307982
39.9994339
40.10332697
39.45626998
39.05474787
38.9316106
39.78520789
39.36779194
39.56233105
39.94236827
39.69632286
39.11952212
39.02448203
39.13997909
39.91889086
39.33186386
39.95656932
39.47557983
39.47216397
38.9075908
39.60440631
39.30155887
39.71445099
40.14197201
39.20469474
39.50131241
39.22644437
39.17939121
39.34596142
39.10853779
39.01800673
38.93347108
39.13773888
39.68031829
39.72056472
39.66090085
39.13005163
39.27225449
39.34661824
40.05128709
38.86169802
39.43233412
39.53917956
39.80033217
38.87352424
40.10317574
39.41187998
39.14520001
39.25449466
39.53512132
39.89303762
39.55705389
39.19653335
39.40192981
39.40047543
38.87636608
39.2390405
40.17500165
39.74924856
39.70909599
39.86561453
39.22458863
39.42387128
39.32913009
38.88232763
39.96896881
39.40038533
38.94379826
38.96709543
39.69988587
39.60013097
39.24126692
40.00031949
39.25753132
39.09606655
39.54025962
39.16176673
39.56660506
39.67455216
39.12897607
39.48778829
39.68248739
39.5017648
39.65018634
39.50773192
39.62028802
39.16746649
40.06298171
39.62101836
39.49073562
39.2189884
39.7483087
39.72597621
39.06570178
39.58108438
40.02299547
40.0645759
39.06106517
39.08982157
39.38864938
39.69718273
40.19704525
40.22472334
39.87841005
39.50464463
39.83554146
39.15964888
38.90175539
39.41989977
39.97463316
40.07702068
40.16950029
39.72757394
39.52666385
39.60352162
39.20692915
39.63318484
39.81437793
39.88241268
39.56267682
39.12706783
39.59076388
39.23287219
38.91526742
40.24702608
40.06920293
39.93968981
39.49735692
39.27997291
39.92777022
39.86605444
40.00952598
39.5525488
40.05077849
39.59469693
39.47908576
39.53684929
39.67562525
39.81698836
39.56026956
39.42309823
39.49115573
39.68550481
39.52435669
38.87823678
39.90782566
40.03178994
39.75299218
39.47910341
39.6512539
38.98826598
39.32530636
39.98838662
39.78570865
39.82183805
39.17497517
39.60977681
39.30709127
39.38894743
40.06955912
40.19701883
39.82442481
39.43986989
39.87810726
39.3300627
39.94281906
40.16759652
39.89287039
39.75639007
40.11083813
39.49439555
39.31677563
39.42154218
39.30004505
39.69626515
39.45033636
39.87539907
40.12410221
39.61502866
39.28926578
40.08978602
39.94665057
39.59726893
39.46846884
39.18807733
39.65472211
39.33513116
39.65333475
40.01002525
39.90721842
39.89832751
39.01001854
39.91838557
39.47025688
39.34810023
39.42183372
39.59804945
39.36784676
39.05936552
39.06033394
39.1529509
39.64464777
40.19357142
39.69085715
39.18806707
39.55872445
39.22464838
39.4872836
39.71146627
39.12916419
39.39765247
39.93184069
38.93416085
38.97136506
39.74715944
40.12057597
39.24550319
39.92150588
39.80920787
39.41843521
39.46186379
39.0518684
39.14536527
39.81307916
39.04228218
39.50135989
39.51577218
39.70283081
39.50531691
39.40206882
39.60518414
39.57449698
40.23715304
39.20066867
39.96244596
39.82076102
40.01361849
39.85672773
39.66105513
40.24796938
39.77149135
39.15410959
39.54638309
39.68533741
39.21678801
39.13980192
40.06021105
40.15367812
39.34669768
39.74689404
39.06606372
39.75977768
39.62501375
39.57208258
39.55512202
39.40269276
39.4623988
40.06447908
39.31298698
39.43807021
39.36322369
39.55085977
38.8488421
39.01913955
38.84676415
39.55678875
39.04292146
39.24906235
39.07546476
40.01205317
40.26919797
39.48369378
39.69651279
39.64815935
39.32068239
39.25780446
39.79394738
40.2423096
38.9627851
39.70562393
39.54488502
40.1425232
39.88228137
40.00547051
39.46270475
39.8355466
39.63615423
39.71017182
40.11759158
39.94319375
40.1712868
39.62829311
39.33723072
39.30832327
39.9318429
39.83292507
40.10707111
39.91195811
39.12717188
38.83977237
39.59018031
39.03925013
40.08661073
39.72930003
39.94303653
39.61758965
39.34851259
40.03807475
39.62648903
40.00308442
39.24307674
39.30013409
39.52055012
40.1869415
39.52349401
39.56207968
39.26780593
39.09086168
39.14900197
39.12753338
38.96832872
39.94105763
39.6397864
39.75173371
39.57085533
40.18107842
39.02634208
39.68154899
39.58756251
39.09037539
39.96237057
39.04117603
39.77804893
39.2101438
38.99488313
39.76934422
39.78824826
39.30900564
39.70788477
39.27213081
39.37462579
39.42384815
39.48487865
39.80625813
39.23880933
39.35271704
40.03870988
39.47827036
39.54634444
39.67651779
39.49057617
39.2422518
39.45492172
39.91021294
40.15458978
39.01772333
39.76913519
39.89334938
39.50253434
39.28673954
39.53926524
39.35981845
39.56440622
39.33029897
39.66895294
39.45838262
39.19230325
39.978991
39.91105791
38.92211597
39.28119821
39.73671342
39.83199004
39.39016597
39.89133152
39.95559931
40.14931434
39.48049402
39.27680624
39.48631448
39.74482621
40.15782644
39.44341744
40.04950879
39.62916662
39.22011406
39.06119143
38.96335473
39.87276908
39.56207687
40.12554889
39.35838149
39.42904972
39.39750305
39.80984553
38.89511536
39.44605693
39.51075332
39.1057837
39.78829948
39.07214238
39.21673073
39.79873761
39.13182239
39.50311948
39.8956308
39.4696521
39.33490322
39.33425648
39.95489926
39.78377269
39.22936722
39.59026165
39.56023326
40.06600868
40.06230556
39.17381571
40.10575129
39.1519595
39.85180939
39.47289638
39.41161502
39.9741618
39.93108657
39.90500144
39.04384291
39.22447668
39.96319085
40.13076171
39.64566092
40.08096031
39.48545818
39.69215314
40.05225993
39.26365242
39.4211739
39.51494456
39.65819424
38.95883011
40.09491221
39.50835208
38.97558421
39.53768502
39.35143553
39.55684006
39.12232401
39.04561986
39.45413979
40.20551878
39.99596442
40.08748696
39.15078944
38.95888085
39.81013389
39.51428265
39.24961214
39.60007922
40.10263052
39.8584535
39.53391237
39.6028389