33.7489954
34.02430146
33.65449957
33.30809932
33.93549386
34.40147902
33.96837709
34.38231378
34.07479818
33.42411572
33.27326223
33.1337496
33.66336885
34.26163642
34.28053596
33.68704564
33.64407716
33.26371612
33.31423924
33.4004335
33.50483356
33.92773103
34.33894602
34.33561337
33.97085094
33.55375249
33.64048174
33.9096324
33.93387189
33.62441927
34.06175992
33.5986094
33.37414036
33.44548248
34.36068726
33.87183542
33.63175382
33.38670247
34.38648476
33.57314229
33.72979959
33.87832987
34.28846685
33.28200752
33.89709442
34.23055685
34.39596893
33.85479219
33.16693327
33.09948539
34.05465716
34.28848903
33.92036275
34.19773605
33.48657939
33.88340545
34.05868016
33.6423003
33.75458974
34.25644759
34.10985829
33.19882451
33.24188063
33.93595489
34.14657134
34.06864565
33.50842717
34.18797964
33.51554886
34.12898722
33.77454065
33.56140527
34.3430048
33.84453628
33.5836454
33.94684722
34.12919295
33.55443444
33.93720294
34.23601664
33.39090712
34.05744222
34.29862485
33.68775556
33.79088457
34.40178068
33.45085733
33.99232587
33.48264415
34.01356685
34.1856504
33.92794352
34.167829
34.17263539
34.14191295
33.72738985
34.17574426
33.98160271
33.97960662
33.61014708
34.1543527
33.90600961
33.11866232
33.71978729
33.75962696
34.34141925
33.25848108
33.21292939
33.97942262
34.02691856
33.923472
33.89371822
33.20499723
34.20601091
34.07601289
33.73010911
34.24376099
34.22132254
33.83815911
34.1636865
33.40600367
33.1661511
33.96138365
33.86284217
33.49921567
34.40118821
33.73617834
33.58509481
34.08973843
33.46055914
34.22505674
33.42593243
33.38174831
34.32396493
33.22051089
33.73583366
33.60680115
33.74974745
33.95690374
34.07979858
33.14601328
33.71564457
33.49697836
33.22339197
34.04464678
34.18035137
33.58174387
33.18904698
33.71594359
33.57019035
33.47529895
33.60086261
33.5137579
33.71716588
33.25284383
34.15266286
33.63976033
33.39300905
33.73690039
34.22195463
34.14630405
34.37893268
33.12792269
33.88802688
33.55052622
33.84377696
33.75616503
33.30210898
33.42931764
33.42674926
34.34732098
33.81172406
33.69390413
33.86221542
33.77361718
33.60349247
33.41205671
34.25422499
34.07283661
33.70247074
33.43267718
33.81542183
33.78550079
34.19426759
34.12730463
33.43297397
34.24895635
33.31094799
33.88421065
33.99688018
34.13591873
33.25860067
33.85129579
33.81008435
33.24394833
33.97199343
34.24142101
33.58566675
34.13582909
33.59589923
33.74773314
33.61394868
33.42269443
34.33029944
33.73023007
33.91233713
33.73732928
33.98244383
33.79211308
33.45618778
33.31381597
34.27367896
33.2299262
33.07021744
34.04436702
33.60576914
33.20317994
33.16663403
33.08751448
33.24271351
33.2307278
33.95113974
33.77084067
33.89767227
33.6808962
33.96668774
34.31957658
33.9336724
33.2928198
33.78456133
33.19437451
34.01875263
33.22303489
33.59101652
33.37240078
33.66253661
33.78637868
33.24970303
33.73388515
33.59258766
34.31038988
33.73350832
34.38659988
34.15673348
34.19023612
33.43664213
33.34432324
33.74836449
33.69793406
33.33804492
33.98074344
34.13417539
33.5921513
34.20781792
33.8872456
34.31435419
34.2020948
33.90206428
33.67480787
33.653345
33.95015354
33.58894502
33.54455267
34.03210886
33.23441544
33.17992871
34.24287719
33.50304392
34.08671438
33.89719465
33.20595569
34.15772028
34.43780499
33.11416198
33.91577196
33.64200654
33.59283463
33.96902654
33.31512215
34.19356927
33.66485941
34.06886099
33.48815439
33.49309208
34.4630515
33.8377399
33.4152849
33.91901578
34.0372516
33.22340818
34.18135312
34.29480334
33.17029319
33.57753622
33.71630612
33.49486605
34.39365643
33.61804626
34.38213572
33.74501163
34.30997193
34.13057187
34.29979762
34.13607065
34.19487576
34.25413763
34.02762797
33.08384736
34.43476006
33.57169217
34.04699489
33.22409622
33.19977199
33.47023722
34.18146499
34.38193688
33.81307521
33.33742353
33.25311039
33.86418454
33.43253398
34.10091809
33.24155494
33.59710586
33.52805282
33.19432393
33.94912907
33.5203314
33.11979649
33.43202339
33.9212374
34.22060156
33.9244682
34.40534613
33.63587516
33.51053299
33.35089733
33.86646658
33.31216105
33.8335958
33.3991832
34.07498111
34.25179011
33.79505892
34.30953765
33.3659082
33.98519006
33.53376795
33.45276338
33.86352305
33.48398743
33.2616975
34.06843934
33.81293316
33.18188235
33.49792011
33.62603464
33.45164454
34.23311442
33.90847144
33.88878752
33.86360381
33.99921927
33.61212068
33.71096639
34.18306257
33.84513133
34.34549649
34.05614183
34.34407044
33.74755776
34.32139642
33.63653501
33.64102311
33.59142476
33.59484486
33.47700397
34.22609591
33.84462169
34.14330034
33.83452073
33.48854975
34.02794866
34.38911483
33.24539399
34.15074831
33.12028879
34.22018912
33.62323034
33.11136698
33.46531869
33.81542269
33.7134695
34.42354274
33.1683253
33.28637878
34.22953979
33.44678463
33.87750909
33.64416166
33.47578028
33.72889981
33.25156887
33.4148623
33.48150207
33.82861001
33.58326508
33.34766885
34.01342332
33.80082965
34.33151909
33.51791399
33.70221061
33.44295606
33.19720864
33.9669704
33.81287141
34.45070553
34.04501917
33.57899765
33.96583665
34.20299418
33.20639406
33.66252216
33.15096605
33.77434509
33.39268043
34.14982814
34.00715955
33.98840773
33.58531111
33.1460711
33.85739731
34.16030604
33.92347565
33.7899384
33.39809468
34.11875631
34.03520529
33.5154311
33.99486238
33.59196957
33.38248967
34.16450488
33.32192683
34.33729332
34.00484379
34.38194051
33.98691598
33.80642454
33.2243852
34.22346677
34.08913585
33.58707125
34.18297585
34.14013515
33.97777407
33.76056362
33.28766735
33.84125304
33.51418786
33.87902015
34.2497535
33.68345081
33.84521147
33.91338936
33.18533494
33.57766959
34.16039429
33.05958009
34.01379839
34.11501726
33.97489983
33.45527379
33.36425401
33.49087595
34.19987683
33.34828234
34.28991444
33.79274528
33.87657239
33.9203531
33.34222606
34.45466563
33.47777012
34.1608276
34.01391045
33.85252007
33.28108312
34.40021115
34.26790237
34.2141917
33.4804749
34.22895143
33.99903219
33.95865864
33.82674802
34.38486863
33.93508707
33.53285498
33.6505665