-77.03687070000001
-77.0387142
-77.03462651
-77.03389569
-77.03486354
-77.0373394
-77.04093159
-77.04010498
-77.03438487
-77.0370591
-77.04000774
-77.0364645
-77.03772586
-77.03318604
-77.03745417
-77.03751506
-77.04089168
-77.04095979
-77.03352651
-77.03267442
-77.0377869
-77.03837043
-77.03480531
-77.03169358
-77.0392287
-77.03880101
-77.03311736
-77.03977184
-77.03768082
-77.03321522
-77.0333526
-77.03772909
-77.03426803
-77.03340958
-77.03587564
-77.0346901
-77.04000891
-77.03853992
-77.03933842
-77.03287586
-77.03301471
-77.0332815
-77.03910721
-77.03447269
-77.03378771
-77.03970196
-77.03865842
-77.03643109
-77.0320737
-77.03546114
-77.04150529
-77.03961365
-77.04119919
-77.03431727
-77.03696794
-77.04015864
-77.0389969
-77.04118487
-77.03437166
-77.03500428
-77.04225328
-77.03613235
-77.03841365
-77.0411769
-77.03566488
-77.03971239
-77.03775708
-77.04076932
-77.03346681
-77.03732428
-77.03215156
-77.03385676
-77.04033892
-77.04033004
-77.03965225
-77.04007284
-77.03687625
-77.03850761
-77.03357574
-77.03375514
-77.03425354
-77.03501529
-77.03815508
-77.03335605
-77.03552395
-77.03171298
-77.0376119
-77.03354209
-77.03727022
-77.03972023
-77.03487588
-77.0404664
-77.03741734
-77.03173923
-77.03663643
-77.03611616
-77.03894871
-77.03702532
-77.04052825
-77.03807477
-77.03770016
-77.03289496
-77.03610065
-77.04191452
-77.03175691
-77.03313827
-77.03952034
-77.03509897
-77.0367865
-77.04072467
-77.03828321
-77.03584361
-77.03143716
-77.03879629
-77.03149764
-77.03254853
-77.03238693
-77.03997915
-77.03960167
-77.03633115
-77.03693577
-77.03265124
-77.03726657
-77.03758185
-77.03203773
-77.04216807
-77.03601289
-77.03821844
-77.03846005
-77.03670196
-77.03482776
-77.03796913
-77.03940807
-77.0353094
-77.03536008
-77.03591209
-77.03716846
-77.040551
-77.03975002
-77.03605246
-77.040242
-77.03849057
-77.03358929
-77.03659009
-77.0322814
-77.04026988
-77.0408506
-77.03705459
-77.03291514
-77.03990279
-77.03522499
-77.03184485
-77.03569836
-77.03461683
-77.03527956
-77.03509728
-77.0404103
-77.04232804
-77.03823278
-77.03915532
-77.03788616
-77.03250514
-77.03708931
-77.04062475
-77.03934038
-77.03819942
-77.03575412
-77.03176318
-77.03409931
-77.03441715
-77.03295236
-77.03322128
-77.03549594
-77.04071815
-77.03634215
-77.03780953
-77.03815814
-77.04123795
-77.03712182
-77.03296878
-77.03493642
-77.03727668
-77.03265127
-77.03594518
-77.03185858
-77.04153576
-77.0357346
-77.0380933
-77.03708193
-77.04069963
-77.03506122
-77.03664012
-77.03240416
-77.03549203
-77.03941941
-77.03957021
-77.03216878
-77.03298009
-77.03593308
-77.03436008
-77.03666078