-105.78206740000002
-105.05413269
-105.60856905
-105.51638932
-105.621605
-106.43554596
-105.88174773
-106.4832108
-105.75972825
-105.64909822
-105.29707251
-105.75595344
-105.44867968
-106.09826269
-105.63199488
-105.627374
-105.91178407
-105.82691012
-106.16891975
-106.13104965
-105.52199974
-105.84488731
-106.27899144
-106.08658829
-106.28023905
-106.04367732
-106.41737294
-105.20208495
-106.27826002
-106.34940868
-106.45296806
-105.43656875
-105.77496325
-105.44800511
-105.10973189
-106.15403678
-106.62437177
-105.62802353
-105.57888073
-105.15823896
-104.98323861
-106.03610179
-105.40039778
-106.6998839
-105.41337355
-106.05232114
-105.62165609
-105.30052719
-105.47779792
-105.13852362
-106.531317
-106.09486417
-106.17800442
-106.28178681
-105.84388455
-105.0796025
-105.66079183
-104.9760261
-106.66027072
-105.77410202
-106.5935923
-105.6705628
-105.07598088
-106.04119065
-104.97815893
-106.11371895
-105.13207023
-105.72752274
-105.67135606
-106.04093188
-105.97986877
-106.15512205
-105.79132882
-105.04335266
-105.87948388
-105.97054483
-105.14706659
-105.7822458
-106.31108414
-106.01987274
-105.60853675
-104.93701818
-104.92212285
-106.52594311
-105.88303338
-105.89438911
-106.56628793
-105.75571896
-105.39497702
-106.25545382
-106.49085713
-106.37305068
-105.07262027
-105.97188083
-105.24688471
-105.71273756
-105.58222244
-105.34964564
-104.88008481
-105.1465819
-105.61944214
-106.26076845
-105.38336391
-105.00005739
-105.47480594
-105.52494551
-104.86703519
-105.48841335
-105.35179769
-106.2762865
-104.87614271
-105.44593769
-106.16297947
-105.50578645
-105.79098843
-105.26568081
-105.01563238
-105.97839538
-106.13476681
-106.00760282
-105.98051189
-106.15215771
-106.13830667
-104.95896452
-105.61155471
-105.83500393
-106.42102276
-106.29124997
-104.98441462
-106.692155
-106.54367353
-105.17141359
-105.15070346
-105.30174205
-105.65862038
-105.43585983
-105.63028418
-105.42204125
-106.05836641
-105.94889181
-105.30180713
-105.90821961
-105.45944276
-105.60902267
-105.2424341
-106.12314335
-105.15405121
-105.80963678
-106.58090176
-106.27537475
-105.17547099
-105.8418019
-105.83230321
-105.46535453
-105.19909871
-105.62799788
-106.24420169
-105.62431062
-106.17837964
-106.31111381
-106.41459889
-106.28959258
-106.20651543
-106.05578475
-105.86188287
-106.06716261
-105.85212387
-106.48842686
-106.39292592
-105.31731826
-106.57594055
-105.71963282
-104.86811874
-105.65922865
-105.2926307
-105.82170227
-105.53073896
-106.51437973
-106.35758397
-105.43092426
-106.68537559
-106.50184488
-105.54092685
-106.01074391
-105.99194357
-106.32553694
-105.34685096
-106.29830048
-105.34155441
-105.98274605
-105.58987798
-105.83986426
-105.15357359
-106.39091262
-106.0587281
-105.88303672
-105.75448039
-106.54986865
-105.9645033
-105.50567195
-105.44152978
-105.65459856
-105.40699046
-105.04894585
-106.14106905
-105.25633446
-106.08331188
-105.59820038
-105.18893928
-106.05211242
-105.24576562
-105.37127834
-104.86346928
-106.44349748
-105.36828467
-106.22136565
-106.5780469
-106.30848244
-105.61828039
-105.88838384
-106.11450491
-106.22644196
-105.65960634
-105.41608297
-105.35251659
-106.52179216
-106.63180605
-106.34309405
-106.37383597
-106.20971183
-105.88406729
-105.33864046
-105.23719778
-106.45658618
-105.55684031
-104.86660522
-105.28796207
-105.85047151
-105.30235967
-106.21287088
-105.75194256
-106.11892828
-106.02248504
-105.36596709
-105.62037401
-105.46143757
-105.23079519
-106.39827955
-106.4649695
-106.06972376
-105.44543858
-105.09937109
-105.3284377
-106.07813892
-105.86521861
-106.02381709
-105.04733438
-106.19135727
-105.76756354
-105.71095484
-106.05333653
-105.49044112
-105.34949114
-105.58865624
-106.18657498
-105.05929568
-105.03662968
-104.95170791
-106.25355372
-105.8646406
-106.49977856
-105.12159727
-105.86024603
-106.4655442
-105.95799926
-106.47621121
-105.52762557
-106.08638724
-105.68431539
-105.80403641
-105.70982781
-106.06151101
-106.57865362
-106.2809785
-105.71638959
-105.42229686
-106.41315217
-105.80544674
-106.17739462
-105.01016145
-105.2574071
-104.96159443
-105.98552774
-106.06905217
-105.031145
-106.47702694
-105.24301278
-105.72307232
-106.54638565
-105.45176865
-105.40937806
-105.42559081
-105.70882412
-105.38850704
-105.78908337
-105.04862768
-106.25461435
-106.27443862
-106.44122651
-105.77088675
-105.71977231
-105.37274375
-105.66794581
-105.93664594
-105.00262102
-105.63303211
-105.61137099
-105.7209448
-105.63607757
-105.2664878
-105.73596006
-106.20880208
-106.07803245
-105.48465242
-105.35347735
-105.28341581
-104.96044019
-105.67085952
-105.4435226
-105.2072375
-106.02263277
-105.07725846
-105.7537337
-105.91176722
-106.14169166
-106.30135107
-105.59075118
-105.92749669
-106.11460283
-105.67401705
-105.84551327
-105.7806848
-106.2796783
-105.61840784
-105.85506853
-105.73993474
-106.11645938
-105.45239847
-105.90299779
-105.27170399
-105.2145709
-105.64680465
-105.88608223
-106.06550967
-104.93584209
-105.91883433
-106.08353276
-105.24033929
-105.32180127
-105.6713507
-105.46577779
-105.06785797
-105.7701628
-106.31151093
-106.55496863
-105.62783445
-105.79883607
-105.64844522
-104.9654198
-106.13877146
-106.49816339
-106.2285903
-105.10772855
-105.69569642
-105.4300077
-105.30397246
-106.36012391
-106.57791213
-105.04188799
-104.92309524
-104.88357591
-106.24706495
-105.85150767
-106.1685292
-106.27963387
-106.01994124
-105.25676315
-105.97690564
-105.60521837
-106.3446604
-106.66994418
-106.19307694
-105.2675664
-105.28141691
-105.62281186
-105.73781277
-105.82299731
-104.97287863
-106.48705443
-105.16421254
-106.33910443
-105.45700727
-106.23928398
-106.43865938
-106.19364562
-105.32509582
-106.25503389
-106.06018594
-105.09718502
-105.80463602
-105.71110259
-105.09168765
-106.38905175
-106.30543121
-104.97896557
-106.46743057
-105.88598497
-105.68577137
-105.42664026
-106.33557403
-105.06664386
-106.07945183
-106.56052718
-106.42312996
-105.99269324
-106.13618604
-106.14112353
-105.35711213
-105.67449046
-106.53020868
-105.91213059
-105.59147986
-104.9230796
-105.33992698
-106.40624484
-105.46191694
-106.21175557
-105.61481987
-106.27121014
-105.15671432
-105.95139157
-105.92399785
-105.418853
-106.0011088
-105.84071536
-105.68337157
-105.99808424
-106.11461456
-106.00635874
-105.06871387
-106.12842318
-105.50867456
-105.48070753
-105.34254908
-106.40006311
-105.55958098
-105.46303693
-105.58933207
-105.96961226
-105.59009905
-105.05804866
-106.69065068
-106.34879762
-105.45512827
-105.90757483
-106.08025798
-105.90991858
-105.06400313
-105.33951177
-105.26983286
-105.64344329
-105.10614262
-105.91366525
-105.97808414
-105.58933722
-106.12232551
-106.10342933
-105.90572006
-106.09216015
-106.11129159
-105.72443268
-105.46810123
-106.15752604
-106.66273455
-106.46601794
-105.47666432
-105.97373172
-105.719647
-105.9272022
-105.25096317
-105.47934293
-106.09907569
-105.72167249
-106.17904399
-106.59380661
-105.0185246
-105.85919296
-105.54826642
-105.06730636
-105.51712176
-106.39592749