38.9071923
38.91019568
38.90954506
38.9082956
38.90644008
38.90897797
38.90787581
38.90896904
38.9099118
38.91078544
38.90868868
38.90748776
38.90401643
38.90534199
38.90838962
38.90692249
38.9096843
38.90632312
38.90838716
38.90990928
38.90497299
38.91072886
38.90599684
38.90640757
38.9083364
38.90654657
38.90948714
38.90442237
38.90915062
38.90488542
38.9063809
38.9031179
38.91003156
38.90711231
38.90496076
38.90814655
38.90875743
38.91034072
38.90545866
38.90450953
38.90580404
38.90699804
38.90578055
38.90709137
38.90406433
38.9103849
38.90732229
38.91031621
38.9071024
38.9052243
38.90687478
38.90687375
38.90583368
38.90800946
38.90772408
38.90532109
38.90319765
38.90863048
38.90538625
38.90632507
38.90632152
38.91041256
38.90942352
38.90700755
38.90696855
38.9064354
38.90838361
38.91012602
38.90607265
38.90621008
38.90813689
38.90810894
38.9055958
38.90954741
38.90679573
38.90752537
38.90971964
38.90414379
38.90715599
38.9079516
38.90556795
38.90629054
38.90788164
38.90674054
38.9082057
38.90577159
38.91023038
38.90440802
38.90402249
38.90523946
38.90363382
38.90611412
38.90598071
38.90834199
38.90867522
38.90776257
38.90590576
38.90546161
38.90726457
38.90378876
38.90476162
38.9089894
38.90404369
38.90752331
38.9060109
38.90994888
38.90523399
38.90438353
38.91082559
38.90595504
38.9085708
38.90396964
38.9079013
38.90317911
38.90607009
38.90971634
38.90593369
38.90726155
38.90890087
38.90418035
38.9102372
38.90940925
38.90608135
38.90553841
38.90667185
38.90620253
38.9102155
38.90554367
38.90991269
38.90435163
38.90932297
38.91064796
38.90666842
38.90818974
38.9036748
38.9079398
38.90725936
38.90436221
38.90454785
38.90394114
38.90906423
38.90604358
38.90853518
38.90420594
38.90668467
38.90616899
38.91012406
38.90452871
38.90466085
38.90783426
38.90669137
38.90560537
38.90933052
38.91000437
38.90429624
38.90313219
38.90880244
38.90756275
38.90337469
38.90484466
38.90329978
38.90964448
38.91105461
38.9084062
38.90814525
38.90902181
38.9088037
38.9086289
38.90442549
38.90922097
38.9066337
38.9084461
38.91128088
38.90883481
38.90449695
38.91132457
38.90879982
38.908716
38.90887929
38.90410871
38.90657999
38.90343243
38.90777271
38.90843864
38.90735036
38.90837897
38.90494902
38.90454246
38.90328966
38.90959728
38.90657419
38.90706481
38.90756586
38.90698356
38.90675917
38.90970872
38.90822821
38.9076399
38.90556057
38.91002006
38.91026973