2.213749000000
-0.11233878
-1.5228525
-0.20271552
0.99998611
1.10546453
1.03613722
5.78901393
2.63608159
0.99203929
5.2713714
2.27470284
0.80974691
2.03482227
3.14491755
2.37554755
0.47120552
0.27463638
2.71380227
2.94491592
1.58010166
-1.55459239
1.63216768
4.24865033
3.42135039
4.13658768
0.44678438
0.48461936
5.74080033
1.36224654
3.8539426
2.43145324
5.56761575
2.97480004
5.45100157
4.73814684
4.44079155
2.97641942
5.51313074
-1.53780226
-0.55205526
0.163338
4.03509297
0.13713797
3.83883567
-0.08301329
1.6734377
1.9530056
0.13915879
3.48412058
1.54338254
1.54839292
1.76425891
0.9722956
4.71156335
0.8216467
2.02320548
2.6541651
1.843271
0.50230425
2.50269934
1.05898217
2.05297026
5.47077636
-1.53596917
4.21935117
5.37629927
-0.89839621
1.04571337
2.41588026
4.60941886
2.67861569
1.5124914
1.81053398
3.20507012
4.0008265
-1.60636254
2.31982359
1.309189
1.46957857
0.27531676
4.77846552
3.93332181
4.12885206
4.66157322
0.67307604
5.69444296
6.26804317
4.23796903
-0.17622481
2.40497474
2.91823716
-1.64174528
-0.81058785
1.7643004
3.6944465
3.22429395
-0.41947989
-0.36175255
1.47690374
2.26774778
5.10114141
0.26362785
0.92034005
-1.40536166
1.85240545
-0.02585858
3.41240196
5.48411995
5.94872462
-1.81930632
2.15178787
-1.46659407
-0.20533473
6.02091018
5.56560567
5.62052564
1.385085
3.77945817
-0.62347801
5.33355626
2.73875253
-0.62692605
0.67787039
3.43894644
2.51456695
4.21818619
0.05665615
-0.7362486
3.09561198
1.64395071
2.25298399
5.44943034
0.81446977
4.94761324
-0.80191508
2.35957601
0.45418768
4.64406818
5.91177534
1.21635791
1.45370369
-0.50788794
0.50892345
0.83127913
3.20395132
3.7618121
3.75185914
-0.17851809
1.19557676
2.05059226
-0.86040537
2.24133252
1.99553299
1.2081198
2.84082956
1.64153282
-0.35420034
0.59108421
3.89763774
5.82425972
4.5282381
2.76153697
0.87214604
0.75331924
6.27056956
4.02949777
1.15524298
3.42816629
2.52300439
1.73140464
3.22080756
3.69750617
3.11491033
5.45941883
0.24225404
2.64198955
-0.36871028
-0.0647004
1.34900967
4.1603478
3.36696689
2.96350941
2.51076137
3.85408574
4.25135772
-1.38965627
3.38850699
2.40849636
-0.03074693
0.00632036
5.10176073
-0.27232573
2.27091708
1.2083341
-0.52253047
0.46636419
-0.47188095
-0.18445576
1.34094016
-1.18404046
-1.85751627
3.02115604
0.26309793
6.02991067
1.20028415
1.32434369
4.55313622
-1.55656134
2.73597361
3.85446778
2.23244425
0.09924688
-0.49213066
2.37783182
1.84888825
1.49204934
2.48513791
-0.48588291
1.80220962
3.74603361
2.0535946
4.79404534
2.56348393
4.35565591
3.45665822
3.97615775
1.11155487
1.27008885
1.26181632
6.2871087
3.95255941
2.07852379
3.24300985
2.26718583
4.48755535
-0.52031541
3.21656932
-0.46228753
4.62753844
4.26136723
5.61440326
2.34462316
3.12848198
5.29683796
3.96084552
5.5957488
3.72366052
5.82710025
-1.03829349
3.51526336
4.44839311
3.49211129
2.1601045
-1.26368026
0.29650324
2.07012433
-0.04971879
1.12442268
-0.77874837
3.49177426
5.70445238
5.66772887
-0.63843976
3.66883878
1.70287132
-0.99784538
4.57472781
2.29742327
0.18092909
2.44716884
0.38748669
4.12192549
0.10500211
2.69503605
3.42422458
1.0502775
3.82222227
0.84476536
1.6705865
-0.51574408
5.16812436
4.17670506
1.35797979
1.15402919
-1.36044707
1.12651106
2.73283421
0.39962199
5.37303669
0.9787677
3.14879579
5.89998115
1.80073502
4.76234301
1.8582848
2.01884135
0.08512903
-0.09555476
2.56221224
3.29696814
2.6144975
4.57861536
2.82463127
4.1085399
-0.87728893
4.57551799
6.0513014
2.30304185
2.2510564
1.01830618
3.81076505
5.32650152
4.14697004
1.37490898
-0.67874607
6.23005694
4.82779589
4.68669624
5.13917957
2.22759166
1.37667065
4.24143948
-0.19141838
4.77467635
0.3773883
6.07381083
1.62974231
-1.68457795
2.70749939
1.68841584
4.46643582
2.96459428
3.32548438
1.38103408
0.5850739
5.56127693
2.93323009
-1.29090864
3.0613584
2.28263637
1.69752518
-0.26350339
0.77799435
0.36991167
3.33358184
4.69794327
0.75148369
0.82498282
0.83934785
1.64104646
-1.70174992
2.74640996
2.88497826
2.92478734
4.13142068
5.63347159
4.72689719
4.41967863
3.07619795
4.71617722
0.77433619
3.01336345
5.83715265
5.91136272
4.16278277
3.58743194
4.02243812
1.55955139
-0.95446197
-0.69809227
-0.09751301
2.16186658
2.94672962
2.21480648
2.03545587
4.42033772
0.7806399
1.39487502
3.28164673
0.49097897
0.4190341
4.4004481
-0.39699758
0.5505627
4.51511088
4.80494859
1.17694832
1.34235905
1.91825741
-1.25498911
0.9388461
4.65760988
5.20681865
1.76433404
2.76777901
6.13599455
4.97921096
5.43746699
-0.51372852
-1.0267772
-0.11969837
0.71010015
-1.71828459
0.9809796
2.91892087
1.29728847
-0.00560323
5.25626355
-0.70809399
4.51049813
0.40600691
-1.00775729
1.91743541
0.12821399
4.38598989
3.82204128
3.83462911
4.00116002
0.46369319
0.01443818
3.38427681
0.99782558
2.83615601
3.77221296
2.04171449
0.41319455
-1.27452241
1.23054944
-0.064072
2.5212929
-0.14112981
4.81924637
-0.82770521
1.09095547
0.96338821
1.25055003
2.82853463
2.56315181
2.7014299
-0.41416544
4.84289069
3.37784678
0.0016296
0.42331773
5.17634351
3.93388378
5.82097479
0.93059991
1.98795175
-0.56418301
1.45628748
5.33837369
1.74554254
-0.64579959
5.00717955
1.42485998
-1.67942163
-1.13601072
1.52552519
3.25095739
1.45582757
3.930884
4.07421468
1.76892385
0.12548821
2.76169184
0.51253123
1.27117215
1.91313523
-0.11147014
3.76427981
1.28518576
-0.79891858
3.73635249
3.28494388
0.24047852
4.19379888
1.14218447
-1.58674474
0.24549434
-0.08033873
-0.32991089
-1.63178211
5.36070096
2.4484152
2.53852999
5.1922982
5.3716726
4.02303756
6.30667014
-0.31821235
0.71016374
-0.05501117
5.65103138
3.38984193
0.57103391
-0.58030077
-0.03573838
0.29824011
-0.57620391
0.22052856
3.62666846
-1.20559232
4.49413928
0.1321487
-1.23908877
3.19163655
4.29604392
0.87989656
1.17941977
4.80267109
-1.56015691
2.27944611
1.09375256
3.62459147
-0.34465339
5.93281477
3.46297488
5.0877582
1.58657332
-0.55101668
5.37960031
0.91663117
1.50905637
0.11876594
2.61108997
0.28663398
-0.60080107
2.15232589
3.82752067
2.0399545
1.15545678
0.16331315
5.07423829
5.74712742
0.71262358
3.04056557
0.48027282
2.16637638
-0.62153055
1.76165245
0.3019976
4.4022353
3.39915934
0.69166176
3.33644767
1.88243586
1.05443096
-1.88115886
4.50153605
3.96881848
0.21810633
2.14523032
2.68879516
-1.43863711
2.85848143
1.99481432
5.05154604
2.52880047
0.87869715
4.03783878
4.16885467
4.7226543
-0.559487
-1.21260409
-0.71666779
-0.42544255
2.75226672
4.99439108
2.86318972
4.66360329
0.34304805
0.92010113
0.65563974
-0.93079752
2.88384414
3.17338604
0.30144773
1.03101035
1.02677282
1.75322603
3.96777199
-0.52292059
2.74794086
3.73236216
0.38033021
-0.7729507
2.88705872
4.61460413
-0.3464435
-0.52581631
2.36090618
3.6493236
-1.44331388
3.63021455
1.02167478
0.81292238
4.59222777
-0.00075917
5.01437912
0.39982674
2.68793375
4.1109479
0.32630044
2.32747798
-1.48449409
3.30300869
0.2715973
-0.62392372
2.59744778
3.9448186
1.51654037
1.52973078
1.99966045
2.17182608
2.48788227
3.78670651
-0.85680739
-0.93772797
0.40780119
5.21876761
5.41551317
5.68130193
3.89208238
2.42081792
5.6199113
5.52184717
2.82755187
-0.85403623
0.2293013
0.89955287
4.67918498
3.32546763
0.43825629
4.91816944
-0.89718509
0.70942363
1.28796671
-0.58973111
5.40247993
4.06621169
6.09182631
3.00664774
4.48386753
2.74249395
4.28852338
-0.22336906
1.52451677
5.61520328
0.08451973
4.85650177
1.68176923
-0.50662742
-1.5135272
0.02679911
4.90231405
4.83326789
-0.41201982
3.97796296
2.47423556
2.53176855
2.03495804
1.95788355
1.88327308
0.10434667
1.64055778
5.45791739
5.41144396
2.70995006
3.81088435
1.07398658
0.86608392
1.49565737
0.57782325
-0.65487942
2.83465303
-0.04560205
0.39054894
4.22595317
1.53627323
4.2147097
2.00577127
0.60800187
2.52198372
3.26583483
5.63123427
0.46843369
0.87981528
-0.65559975
2.97414219
5.81809286
4.77987381
1.93497725
3.52711857
5.31814425
3.37119072
4.31738839
0.05730227
5.91262141
0.80870146
3.31332913
-1.39623902
0.68143047
1.41003748
3.94984525
-1.71931766
0.61015276
0.25325869
2.08657569
4.41587819
0.75164244
1.38897671
2.95139041
0.10928244
5.06742988
2.58637455
-0.46838239
1.97783325
-0.0031957
2.45447087
6.09920322
-1.09719978
-0.82281258
4.30920862
4.60897254
5.42827944
3.46212587
1.84150446
0.78260232
5.33053987
1.39527632
1.65671175
0.93472273
1.85381206
-0.98465146
0.27331001
2.99029047
-0.84446913
-1.34250147
3.18556694
-0.92949925
0.19416036
5.8125387
-0.65922619
1.56106886
0.94942063
0.14244151
2.43357302
2.95802677
5.48177297
-1.4874949
1.52720694
2.80893954
-0.88297122
1.23093913
5.83767357
2.19288494
3.90458731
3.49550444
5.84542608
5.47958343
3.84177296
-0.4951605
2.69084134
5.23184512
3.46686117
-0.49974051
-1.37585575
2.03946306
5.38256202
2.77958384
2.09990717
1.55134813
4.35100389
5.51523897
5.2380678
-0.19921415
5.31746843
3.59931077
2.78727008
3.65059269
2.08971144
3.77794583
4.04416026
1.13338061
3.94250594
2.19207103
3.38267663
1.65637782
0.97904534
0.03950937
2.20991407
-0.08714142
5.89463264
5.8354893
-0.15498773
1.11871745
1.13430913
3.52558982
0.09731635
5.2073863
5.84686343
-1.41913052
3.50395961
-0.1885335
2.40495278
-0.30252011
1.52548711
4.62371776
5.3058102
2.29211694
6.22158445
-0.50796482
0.30010547
2.85735538
4.4254286
1.51401252
4.48549014
1.07514843
1.13468202
5.21907435
-0.01720231
5.70991257
2.72193243
0.72183639
4.57114253
2.90684988
4.12652653
1.64766262
0.72378394
1.62872257
-0.09403485
2.6177913
0.6604977
1.71844663
4.50340551
5.21798688
2.46417201
6.24503974
4.73370594
-0.5272024
3.44477466
2.8955845
1.97331197
3.64654334
0.63578568
1.0399161
4.60282284
4.44241925
-0.10009242
5.63689626
2.89602297
2.32247756
1.61559593
2.79705356
3.0987918
0.57919257
1.03496288
0.77026209
0.30910851
4.01448923
4.4564963
-1.14888092
4.35903553
2.95268624
-1.66348489
4.19170011
2.17127583
5.91468708
-0.77827264
-1.4059291
5.29988314
1.36518861
3.27365653
1.74481169
-0.69492786
0.20375826
5.23536985
-1.4580953
1.08395651
0.85058328
4.71426398
5.26447641
2.73502994
0.57263701
1.04503437
0.81483157
1.65636441
1.81607336
-0.32462
5.30518273
2.48483589
1.76633908
-1.27528685
-1.4181578
6.08106036
0.36695172
4.25580046
5.17176487
3.20006967
4.13026461
2.01982835
4.67651034
3.19902791
-1.81244
1.39411906
3.5767111
4.14605793
3.72847202
5.4897372
1.38928626
1.69211888
5.41208842
3.28544106
2.31117822
3.58059074
5.05045898
3.49569728
1.63867262
3.85127052
4.35635715
-0.12016501
4.36272404
-0.74693425
-1.45680767
5.55512688
5.15123172
-0.08844874
0.55585147
-1.30299881
0.23351623
4.93476473
1.38794045
2.50786534
1.63162792
0.14839744
4.79881082
1.63265807
5.75803
-0.63138127
2.58233866
-0.25814676
2.75016358
2.71414184
3.03588214
1.9292448
0.15702118
4.82530337
3.470556
4.50135661
1.86960825
0.27037926
-0.18800188
-0.74861412
1.07017925
4.42712177
4.41240492
0.97263867
4.14513779
5.26198986
3.73937012
3.95229495
2.67174453
6.13642809
0.52941745
0.8681308
3.67122792
1.55213108
3.75229416
3.01804861
2.05595547
0.66906926
2.66960582
1.75988093
1.16727898
3.29558057
2.59894998
0.12911598
2.71814719
2.55706491
2.92287585
5.3675041
2.45209506
-0.81741027
4.09237626
2.30628366
3.36148853
4.07824101
2.0373998
-0.9318639
0.36897287
-0.6799921
1.05515599
2.30303671
1.38847187
4.01307008
3.11523163
0.0707699
1.21420346
5.90606677
-1.80897042
3.35672994
3.32641169
1.74469526
5.3800874
1.01389094
5.82587306
-0.80349328
-0.23217025
3.34346613
4.77731751
1.33195655
2.83934717
3.94641783
0.19309966
-0.97606215
5.22957431
5.11978487
5.86046836
1.45472384
-1.35729134
-0.71799044
5.19465398
0.05506678
-0.48377164
4.63849281
4.19316915
5.55328119
2.19664882
1.26962552
4.30043776
0.72188583
1.73075688
-1.42609986
-0.64942977
1.52098034
2.12228041
3.50294449
5.23207976
1.41266896
-0.38380761
1.5470187
2.59983419
2.24370976
0.05487992
1.33896448
-0.7241083
-0.73666141
5.64846595
3.62082025
-1.42863773
4.65469234
-0.12862485
5.33378343
1.16852447
3.47374052
4.43967409
4.52576797
0.00144524
3.12184458
1.8165522
5.43530508
1.68224796
0.82155485
1.32547208
0.91227357
3.04878689
2.96813679
-1.40726922
-1.14921252
0.3145321
-0.99092132
-1.4585707
2.0625421
0.30697517
0.63136871
2.83730047
0.68068324
4.59166344
-1.38363171
0.4512534
0.48061292
1.62517156
4.85432984
3.53912357
2.773629
-0.55915432
0.49975947
1.5727253
0.70470292
-1.18472347
2.85533181
0.58972136
5.54562714
0.51322294
1.44073014
2.31494486
0.05215396
1.97123007
4.27990138
4.59899359
2.3061356
3.05859207
2.35466596
6.03448272
0.91285533
0.3218643
4.93621608
3.52170629
1.20916933
0.96857586
-1.88350141
-1.1114578
-0.33630265
1.89245674
2.97435404
-0.1593235
4.86988989
6.08588081
-1.13687273
2.44851526
-0.86198431
3.23500521
-1.59822445
1.49451896
4.97734281
2.76603752
2.78345279
1.52448719
0.43950385
2.40686439
-1.11492929
0.65870115
-1.01272861
1.67949628
0.33969227
-0.80708433
-1.76781968
-0.27760766
4.50911541
2.62344389
3.88087073
-1.26695617
2.10006203
1.92990833
2.18772776
4.20339452
0.54040666
-0.32961611
2.23607211
2.70940295
0.71252062
4.27468747
-1.59539613
0.33798703
1.45164754
0.04747054
2.51494945
2.8879192
3.46101613
2.43699952
2.58772785
3.07943946
1.1375155
3.26258298
-1.83397705
4.1755176
3.08781743
0.63575708
0.66631838
3.74966852
1.13526316
1.55950749
4.46239196
4.51837282
2.76460013
1.51665096
-1.40830026
1.78608314
1.55581288
0.83214848
2.71267762
2.1666351
2.16168395
1.9026317
3.38613262
2.89508808
-0.55154756
-0.53768653
0.07710166
5.85373978
3.93403248
2.21745402
-0.69741774
4.25595894
3.15109259
3.62769758
0.03460015
-0.49312802
5.16720195
5.21684207
5.53796576
2.49302392
-0.83162856
5.44450818
4.97118724
4.27777764
1.01315995
2.62716011
5.65684582
0.32523945
2.36712849
4.88103822
4.9962519
-0.96107552
3.47153357
0.73700455
3.43557392
3.00206866
2.59199226
1.93085575
5.75800438
-1.01232855
0.60836069
-0.16667416
-0.31502055
4.86835514
2.63680716
2.74069705
2.42581201
-1.43001143
1.56173383
4.30656058
-0.93494118
3.66715394
-1.7066281
0.65988689
-1.04521754
-0.62443419
2.38793714
0.4598688
3.75967727
3.05234195
3.55970943
-0.19516636
2.46920623
0.98980547
5.10153451
5.75205339
1.5178763
1.09440318
2.53304039
1.75738707
-0.39872773
-0.55465702
5.40911519
-0.61959043
2.3917174
5.87098549
0.6684502
4.75698597
5.29799304
2.5960434
2.22997822
2.34630402
4.24762749
4.1405369
1.23551992
-1.38399069
-0.50019162
1.19439046
1.876268
5.40589071
3.08395672
3.26685203
2.76452909
3.01418373
0.3467488
1.77227027
0.03551608
4.6839933
0.38555243
-1.23320401
-1.01358506
-0.56015297
4.58495204
1.97752767
1.43795522
3.57645828
1.27636595
-1.80066288
-1.06994631
3.02010267
-0.19531348
5.86332565
-1.12268798
5.25076758
-0.36040393
3.73669512
1.86174469
4.45487572
3.64356978
4.48381412
1.2455385
3.6873065
1.32892158
-0.74245877
2.63009715
1.6246012
0.97561513
4.1034396
5.28560947
2.45366603
5.11305965
-1.15067525
-0.71107758
0.22006028
0.69336835
-0.23798883
5.51169775
4.36990061
3.88603962
5.87838978
-0.75257891
-1.60040076
-0.0946507
3.51634808
-0.39127113
0.01146242
5.50865919
3.35781152
5.74154036
2.43632986
1.3225178
2.79783591
0.50555275
0.72175658
-1.47388784
0.25940214
5.77847767
5.68125935
1.01725272
2.98410756
4.93611676
2.18532243
3.24250327
0.53932161
-0.25502097
-0.07349078
4.26371232
4.47538209
1.36359991
4.55594973
-0.47171129
0.59398846
-0.02483238
-1.40309146
0.82654613
4.02315527
1.19577288
5.2701655
1.65135014
1.12433057
2.11716391
4.74015898
5.76908545
3.55075011
2.09957616
3.06785238
3.34181311
2.96447539
5.17800153
3.66912688
-0.59199975
2.34542224
5.31074578
3.20557051
-0.12337869
2.41097116
4.43070758
2.68527931
-1.19669554
4.5437228
6.16874993
2.60276433
0.40127187
3.47391653
2.60416999
4.6794811
3.77995452
1.06049186
6.09051511
0.14649634
-0.38835406
2.95662687
3.63150525
0.34707326
-0.03420418
3.43224717
2.86789689
2.50472824
0.96624222
3.10015241
4.59410244
6.17296155
4.92783814
4.82723717
2.13077568
-1.85433597
3.52599651
-0.64041674
5.10738882
0.08670373
0.85230471
-1.57178606
5.77802
-1.49706598
2.62908803
0.13333082
1.4789426
4.03376066
2.15583924
3.01956783
2.72928111
-0.46581752
0.17536048
1.50893885
-1.58054358
-0.48749319
-0.36336377
1.68342079
-0.83461133
4.67679705
0.88357414
1.8394972
3.55752916
0.37922449
4.47297132
0.796257
2.63965654
4.13066095
-1.515781
-0.09435287
0.29375311
-1.3951393
4.0204334
3.86215473
4.58877162
4.41115595
5.60148788
2.00011756
2.78180055
3.73192617
0.05932692
0.7641088
1.90894648
0.15275001
0.28516392
0.57590556
3.1020336
3.84292646
0.66610007
3.64558019
4.97063241
5.27150869
-1.53751745
3.12969555
0.14761494
-1.13862631
-1.2159582
5.0382749
1.61127309
-1.11108188
3.07574364
3.52608584
-0.26902422
0.06440729
-1.2125383
-0.09916727
3.00766249
-0.61605186
0.462678
1.06006794
-1.50711547
-0.54631746
-1.3635949
2.76326464
1.44301592
1.39772939
2.20273209
1.25821896
4.45289241
-1.13318907
2.55933922
1.04802641
1.68264752
0.97295206
1.50224058
0.12409718
-0.70797506
2.09087955
3.97802696
-1.56445201
-1.42688813
5.59642622
1.58215465
0.02035843
5.57552854
5.45988766
3.25440618
-0.62835709
4.01729032
3.71533706
2.43533698
2.25821509
4.09768809
-0.94382214
-0.41590859
1.01741556
3.41986416
-0.23652634
-0.18013261
0.25983422
-0.58707338
2.36457395
0.58608942
2.46359011
2.94179984
-1.23372249
1.22703346
-0.08246593
3.48541428
1.0026963
0.87100495
4.33777628
2.19125058
-0.27618357
0.44282713
1.83853468
-1.14097282
2.17146453
2.76735326
2.62274786
2.41000113
0.91889578
6.10969888
1.37329022
2.67143063
3.37786396
-0.18064732
0.91307842
4.98304613
4.2333613
1.98078961
1.6490821
3.33681935
4.80252114
0.69609081
5.90143185
5.51592721
-0.26134999
0.48507188
3.90063596
0.27893988
1.24327021
-0.46681109
1.56095484
0.05463259
0.51355675
5.96406708
1.79245218
5.07067299
4.83788253
-0.02097996
3.69477952
3.30184624
1.21418077
1.90881004
4.21797589
0.49470361
-0.76996396
2.43802886
1.89355814
1.52868056
5.0232456
-0.78731833
3.42318533
2.94350311
1.64204257
3.76355601
4.47922491
2.78263809
0.41471287
0.35990694
1.64027234
0.720466
4.24144171
5.25917255
0.19930498
3.96526046
1.80937456
3.58826449
-0.46582645
-0.0461201
0.61724425
4.2853862
5.83969816
3.98690871
0.18881757
4.17995964
4.59474014
4.52877195
1.47952794
2.66278434
-0.10464928
1.14254138
-0.45393981
-0.7758803
0.7988319
4.44161453
4.85272923
0.77328188
3.17074859
-0.27974997
-0.13892313
1.00455644
0.34455578
2.63488372
2.7692468
2.64780335
4.81255665
3.91778109
1.06617769
4.75593736
2.33815704
5.4346981
4.94805856
3.62463685
5.85669445
5.47619396
5.45520146
5.48731593
5.36565596
3.14681332
2.20626075
0.79684293
-0.0579495
3.46705423
1.59727517
3.87687643
-0.50986488
2.77412093
4.05638452
5.63437539
3.83955202
3.23478706
1.66298225
1.10089498
3.01421795
3.20519117
-0.16662229
0.79209509
2.66602923
0.79169158
2.75373791
3.47094222
-0.44725587
1.27373716
2.27254266
0.51810225
0.94658751
4.30269396
2.23748884
3.89889548
1.55111476
6.12270143
1.81259303
1.58200016
4.10541442
0.52772972
4.5733543
6.02309352
-0.70773503
3.45444333
5.24452863
1.33289713
4.32838691
2.60031306
2.334871
-1.06819229
4.87516676
-0.56811575
4.7867437
1.36502014
-0.11999985
2.84351292
2.43057317
1.46272816
4.21313438
-1.36520201
0.70610993
2.75890673
-1.04833716
5.5638328
-0.41398591
0.59984016
-1.60743187
1.38922151
1.72123805
4.26537392
0.95195915
4.86183507
2.31493967
0.14529164
1.41146313
-0.98836525
2.50684593
2.47752069
0.27087815
1.69838205
5.91865411
4.38214815
-0.24957416
3.1547488
5.29764026
2.96243666
0.36527531
3.19576522
-1.22602871
5.13257804
1.44689901
3.27251775
3.01520782
1.82811256
2.34735174
3.88316389
3.10428188
2.58738799
-0.49052127
4.2887748
-0.7254479
0.22410987
2.59806974
1.4893564
1.50405087
4.34088067
-1.25359321
-1.41431421
4.00495936
3.46551442
4.10610483
4.13058175
2.98870974
4.29839603
-1.08723772
0.85358212
5.92268155
1.230428
-1.65570753
-0.06912143
2.81277055
5.52335323
0.12624033
0.2543689
5.41051167
2.20231331
2.2635854
2.31582539
2.05005622
5.1641371
3.75834087
5.86946807
0.82857322
4.0407328
2.6396859
1.13708818
4.24405209
-1.01230455
2.76425902
-0.56773178
4.07064314
1.58168207
1.46129873
6.20095685
1.80968748
0.86230846
1.34840572
-1.02618803
4.94035343
5.52805497
0.34847383
0.57757626
3.4324912
3.73304022
-0.11696217
1.60385003
1.81621072
3.68826829
0.72747038
3.04043296
2.27892297
3.48985509
1.40294524
0.6042688
0.37380967
-0.07032336
1.97447956
1.57730238
6.01103386
2.10964283
1.80154097
2.27835873
3.77300018
5.07718276
5.44415255
1.24152905
0.93448947
3.46648033
3.93367368
4.17678222
1.49509237
2.29996242
-1.17165074
-0.07584305
3.76720384
4.276061
3.83955124
-0.74515922
1.2800123
-0.08284218
1.27107521
3.78238073
2.80853127
-0.13445189
4.54888782
2.29572623
-0.04764267
2.69095302
0.85568637
5.69420694
2.19623455
2.12244652
-0.14003254
2.62558695
2.75339112
-0.09439414
2.15784147
4.09319802
1.39237651
4.95522452
0.26530754
1.77797259
3.0287699
0.12851399
5.14289521
0.55897901
0.11997807
6.1678808
3.54913432
4.14696077
1.51974629
-1.24279345
0.10982673
0.53430458
4.00586832
4.70693789
5.6404774
2.39147823
4.65750936
2.06882606
-1.44865096
-0.10862158
2.50182041
1.66411695
0.63492919
-1.49557695
5.57557396
-1.35592405
3.18118418
2.52731976
0.5101176
2.77009319
1.04848585
2.68338427
1.75210378
0.7277636
2.02463386
-1.44033231
-0.22244672
0.41739212
2.67186232
1.60094063
-0.33278567
5.56512562
-0.44123076
4.96887346
0.45360753
3.0230049
1.27454236
2.0124591
2.00626574
5.9946677
0.76542955
1.84176293
4.00625311
1.72794072
1.91000506
-1.78621682
3.36462654
1.6357806
5.35893122
2.99191918
2.05125655
6.15366586
-0.10748832
2.4162471
0.39254245
3.02401942
-1.30086171
1.80271086
3.01878562
0.42050754
5.15675697
1.01904622
2.40102326
3.37921626
2.45378829
0.96277798
0.94751039
6.08756425
-0.89587061
2.79207526
-1.13630975
1.21058698
2.33055129
5.64943767
0.84956667
1.20355751
4.89926049
2.48308031
3.79065831
2.33537899
-1.14595524
4.12509709
-0.94459166
5.28112837
4.44896236
1.21959427
1.89601302
2.12810574
4.11582837
3.83862048
2.8160317
5.92868783
-1.16907828
4.3721155
2.62307776
4.25125202
4.31920635
4.62646031
0.99680678
4.73388252
1.83303591
-1.8158434
3.56750697
2.18521266
4.69093567
2.0376454
-0.93449793
2.53980126
1.42954712
1.89906497
5.23458895
4.90479094
-0.42681532
0.78947838
3.48479598
2.81304723
-1.52950491
5.71564811
3.15369801
1.20941944
-0.98491126
2.25603758
5.16233987
3.40945411
5.76403655
2.1107183
2.92524371
4.22251787
1.57244039
4.85424518
-0.92082083
-1.54011385
3.66768714
2.5604995
4.90912259
1.57889807
3.53871926
1.80786623
2.08718257
2.72561416
-1.84538937
2.98743461
2.37117223
1.9897088
0.41142687
4.00747851
-0.75140243
5.41332913
2.20553817
4.17777153
3.62786824
4.67056016
5.39926348
3.09856104
1.16555791
-1.08047475
6.02859293
0.91009821
4.326016
5.88286925
-0.71782886
-0.79600952
-0.10692767
0.12699524
3.99280473
4.12761354
4.0463345
5.4658173
0.45441262
0.383171
4.46084528
5.8992279
1.62611243
0.98923296
0.42142316
2.15405468
4.71963126
1.56844676
0.96563386
1.45787622
4.39835237
-0.50055837
0.27222948
-1.12909022
-0.9446527
3.29656331
4.2474162
3.31617777
-0.77216495
0.37427428
2.63945177
3.81245236
-0.51525292
0.78198455
1.93872134
4.34063634
6.2910433
1.09918816
2.65777541
4.63228667
1.01450219
-1.23815338
1.72065575
4.52841188
0.28546813
3.63765032
4.34030342
3.87707353
5.24056928
3.4610682
1.53719941
-0.72389575
3.72746494
0.69840288
2.9910829
0.67567739
5.07001838
0.16360931
5.09646431
1.50478743
1.35081705
2.79222929
1.33904115
1.45537996
-0.9753169
3.61836918
5.53630748
3.22843736
0.24354193
1.94540457
5.31346095
3.514545
1.20947753
0.8560832
3.50025922
0.34996706
1.13126482
5.14607938
2.69587402
5.96986657
3.25314777
-0.86422255
1.06120223
1.08760695
-0.33746673
4.97093057
-1.1265754
4.54719928
2.04086854
1.75701429
2.05324358
4.07539997
0.26727737
3.99060703
4.02942005
-0.07913078
2.54186257
0.71323593
2.4655312
2.66426888
4.11294624
2.51909774
2.43881508
4.78417355
5.4036588
4.50350507
2.45743525
2.7609147
-1.49826361
-1.22998553
2.59926193
4.0816468
3.70761645
2.12817793
5.09478715
4.11976794
2.06094618
5.68869306
1.32806127
5.92097903
0.94290655
3.27099981
3.74893918
2.52770269
2.25562831
2.61571471
2.14060329
4.14953563
0.56621956
5.0051621
3.43672573
1.00145547
2.90490275
1.45023699
3.53444773
4.16660088
2.94293367
2.47603148
1.71224374
4.90874934
0.99937956
-1.2023324
2.78464862
4.76536086
3.82549803
2.62584432
2.21667673
-0.39808499
0.42484253
2.95274509
2.42603555
4.50776345
0.45371428
2.87811282
4.76093046
5.94764555
5.9296999
1.83862888
4.71686102
3.80474634
4.10046525
-0.29284506
2.10877904
5.52033857
-0.96362185
0.0836914
3.19588877
0.01414375
1.83057682
0.88762958
-1.05546748
1.77131363
6.01508276
0.04447272
1.37117775
2.30638296
-0.76673194
3.79465695
2.56233314
0.97684833
1.60524525
-0.64239359
3.47513849
-1.42311881
5.18356726
4.58776747
0.60050511
3.37151797
1.97820615
2.34501359
1.88500271
2.14422765
3.48801452
2.6063968
-1.90174236
3.83698287
4.52860596
-0.2622012
-0.2878483
0.78092904
-0.25206333
-0.95761832
-0.93830582
1.01739031
2.47419509
5.13026856
0.16961147
-0.03588326
0.3441002
3.42762278
3.46934732
3.66708048
0.45778997
0.93829659
0.21602872
2.63299847
3.73125017
1.03607853
0.25165398
-0.17337055
1.88601953
0.59066182
4.29968142
-1.03239555
3.98961505
5.26980464
2.76485698
1.76961726
-0.04491318
-0.68887844
1.19632895
1.99367618
2.54457281
3.2055233
5.90223278
0.54516068
-1.07383805
2.99080603
3.87188517
3.62828334
2.22605497
0.41195893
4.99232556
1.31110553
1.94359096
2.43952366
1.83049842
0.29207751
-0.09388238
4.99991873
0.12607399
1.88117354
-0.04324433
2.47819941
5.82326941
4.70922643
4.09772971
0.73513382
0.934503
0.13709132
2.81509382
0.32059376
-0.85264566
-0.88740068
3.52139033
3.39503718
5.08809462
2.4800228
3.99480859
1.43089023
1.04040449
5.10873157
3.88654747
-0.45487781
-0.23084081
4.77392608
4.26428484
0.17653102
3.94171328
3.19044017
2.7328981
-0.53434064
3.39805741
3.79371281
4.19901855
5.2149248
0.45589967
1.7828654
2.11270482
-0.74046119
1.56247375
-1.74664208
3.41510688
0.47020235
4.05695383
0.57672057
2.74370559
3.24948528
5.38957933
3.32156409
0.23470367
5.78248759
3.97118448
-1.43128442
-0.05805081
1.73142661
4.59742649
4.55627713
2.06232173
5.41426942
4.82371247
4.29947236
6.01156145
-1.44324927
3.27876413
1.86558091
1.20897045
3.50467951
-0.06034931
-1.56839618
5.35920307
0.61462297
2.24477864
0.29724834
5.43354472
1.81605928
5.6487099
3.75127263
-0.24880606
1.25075125
5.32857677
4.97537415
-1.04028079
2.04219887
0.71525796
0.40018157
-0.41521994
5.84477575
-0.97244796
0.71788171
0.85497817
-0.72329952
2.20691803
5.05243118
-1.36346966
1.7928462
2.51516548
2.07355222
0.38463682
2.78168665
2.22043514
-1.42621467
4.09770247
1.17888811
0.33417221
6.14741207
4.10012783
4.41703342
3.67109367
0.69858906
0.50208129
2.24892605
6.07061385
0.24027743
-0.56363452
-0.50947962
1.00721338
-0.80469578
4.45279776
0.84350074
2.14587533
3.26961446
1.55170743
5.30317981
0.85666231
-0.92919904
-0.4509065
4.83699109
-0.27981363
2.23114716
3.55761109
5.859024
5.35498186
-1.24859794
2.29519102
2.30560205
-1.69125395
-1.5269034
5.61249574
-0.89199119
2.85497419
0.87073235
-0.02201958
2.5677602
4.18820059
1.40136447
2.50155554
-0.51214166
4.10421808
3.17583427
2.68931123
4.38165073
1.25572724
3.10263336
3.80419279
0.84805136
1.50601108
1.08316685
1.37465891
5.43046458
6.08781986
3.13631046
0.05083134
-1.58092726
-0.53419155
-1.14030697
3.54556041
0.69663201
3.85191011
3.34243433
0.95756167
4.39978101
0.94156062
1.84349121
0.08703787
0.94569291
0.83694331
2.16021473
5.46272771
5.93870311
1.04019314
4.58973049
2.84386133
2.42890173
-1.50057926
3.27388803
3.81321086
4.93312439
0.31827437
1.24405961
2.72890249
3.8830481
4.4781833
1.06426676
-0.35874568
-0.2458416
6.09795122
0.32782201
4.26087753
4.99223809
2.88526547
1.16791519
2.45054392
5.26149461
4.04239721
-0.17260686
4.98753715
4.12227799
2.8700015
0.31719433
3.78376999
0.59924235
0.79369586
2.40767168
0.68677853
0.5677985
2.08183565
-0.36273844
1.37820439
0.56916227
-0.5024813
2.0350335
2.70217123
5.84345521
0.43971567
0.88059089
1.49959254
-1.84351936
1.46394988
1.20732365
4.09908383
-1.20530705
0.0408147
2.22323309
-0.88971153
5.7725195
1.76743805
1.0365626
3.15203415
1.95175659
2.55544897
2.81905447
4.67492915
4.92105916
1.00217467
3.99781988
-0.33989819
2.85370776
3.56230292
2.58574611
2.77140186
1.25732354
0.58613765
5.26768618
2.39735053
5.62019364
0.14624054
2.17822676
4.740522
3.93456988
0.63843036
-0.73376233
1.52803356
4.69143489
0.70650995
2.55170228
3.89024122
5.82107707
0.61383842
3.88405876
3.52185919
1.76772502
3.25946513
1.80487028
4.11161737
-0.49608616
2.86622156
5.60617264
3.0549665
0.95420651
1.29723213
0.4855794
5.98747637
2.14192897
2.01207815
2.94733628
0.69267651
5.38886924
1.8737501
0.63224436
4.64927956
1.4287464
1.07383909
3.05972535
4.50348039
2.76799516
4.25952078
1.46278402
3.797137
4.35157191
5.44232537
-1.3956822
2.65253347
1.54381302
5.28500237
-0.72883945
6.07046031
3.32385781
3.1936265
3.13666115
0.45778946
-0.65364542
-1.1105926
0.37256184
0.31008945
4.88095505
3.68558886
2.65839681
-1.1249474
3.25304076
1.69657127
0.93438955
4.33442783
5.28436308
1.0438611
1.79426626
-0.76577762
4.35689721
4.47462142
1.79822042
2.34751466
0.4092664
-0.85782766
0.58985978
1.39754122
1.33623133
2.15132566
-1.87689046
-0.53126637
-0.19304911
1.56762473
-0.26375709
3.75042666
5.72931156
4.17210567
4.01762312
-0.7459431
2.96645092
2.36918391
-0.67393771
0.73978067
4.6091487
2.79682529
-1.48853494
4.58432117
-0.56531305
4.11926026
1.76428363
1.52992411
2.63246003
5.86807557
5.71383551
-0.07502038
-1.06176573
0.51995609
5.6738765
0.00227083
-0.17871081
4.9792016
1.49572344
4.28912071
6.0718673
5.95301546
2.23020052
0.07816992
1.91673321
-1.078273
1.8532399
0.30696798
5.41385695
2.58895889
-0.40237852
4.59991966
3.39506514
4.43888612
1.23452861
1.2406103
2.52713637
1.61992891
-0.85438712
2.9690023
3.03671159
2.41780528
3.50146472
3.39523764
1.03771542
2.08259488
2.51459093
3.30291497
6.37189339
5.47521066
3.80491926
1.09280478
1.08479439
3.1534912
0.72883432
2.00320616
-0.59884726
3.32064083
0.45660036
1.78105902
3.70057902
1.87961516
-0.53555712
4.13649365
2.65949241
2.26215717
2.09613817
2.71633357
1.17020658
4.57890823
2.84454324
-1.60846351
5.2047483
2.3448679
0.13382293
5.87388764
4.59899755
0.48167281
3.13153975
0.25923568
5.34838099
-0.66601013
1.19500155
2.94072438
0.38341012
5.49200017
2.09393732
1.57214567
4.30832048
2.04556459
2.92107803
2.23561973
4.95010966
-0.8222925
3.5085398
0.78811005
1.22058556
5.27743225
4.62764551
2.93228586
-1.91790379
3.78895287
0.21548775
3.27397012
-0.69536447
2.20148445
6.17622214
3.26818478
-0.96959725
6.1986365
5.31860392
1.47888101
-0.75600094
1.21059513
2.23329426
0.38146993
-0.12347604
3.1007658
5.47994973
4.4771646
3.49242681
0.78039878
4.33981586
-0.05442652
3.4466044
-0.50482386
-0.50843111
1.56532975
4.44725488
4.84678007
2.24973412
2.90110152
1.21147693
0.83023646
0.08405682
4.66828866
5.13385797
2.93777588
1.2707647
3.58554015
3.42954604
4.91614323
4.27448035
5.29580512
5.66155424
1.01169009
0.9888597
-0.80524437
3.24774106
4.4314901
0.93150066
5.36437706
1.024224
3.18524275
-0.32815785
0.53034893
4.51186356
4.56771827
0.83615683
3.53858823
5.87578666
1.79716434
2.22964884
4.9046718
3.17055388
2.21028866
3.03664735
3.13777417
0.58516655
5.91033672
1.62610805
1.60028445
4.86604619
5.05173421
3.07884401
1.98954804
-1.76354542
-0.15450702
5.0831572
2.83857847
-0.62128017
4.75620092
3.89812226
0.77055412
-0.86630355
2.24396308
2.72387582
5.2382338
2.43838687
0.84995473
3.05636528
3.13522857
1.0928887
-0.57154395
1.80530937
3.04791777
2.61574677
0.61827699
-1.23306858
1.87705699
-0.77408185
3.87098254
5.73773624
1.13288624
2.59145334
2.78829847
4.32644807
2.16615282
2.61256204
4.40785898
1.01077951
0.51448786
2.55626808
-1.42274342
3.90464618
1.96824118
2.2529708
2.1821561
3.04243781
0.54199418
1.51482902
3.63103109
0.97212538
0.68908358
1.43887726
1.93409643
3.45883856
3.49464925
3.09542502
0.63358989
5.06733391
-1.15291885
5.65183237
1.2512018
0.33275698
-1.10201377
3.06781553
5.83865178
-1.18813292
0.77309118
2.66875465
5.40961809
0.76281915
2.73706879
-0.39426841
0.01339526
-1.12753152
0.47424852
3.52327841
3.40046055
1.72397851
-1.0212056
5.41009553
0.69903004
4.47509396
3.49088322
3.12568148
-1.07513228
1.57481605
1.24618385
4.54521515
2.93649726
-0.07204547
-0.29283095
5.10851208
3.70143508
4.00912171
-0.3150811
2.55458081
1.52063848
5.06204092
0.40842879
3.19479108
0.58606316
5.29777192
2.13554149
6.19834834
5.73885941
5.00915782
3.82510711
5.77353457
6.30299153
4.59320035
0.72628841
1.30718895
1.12974584
1.81284937
3.90705635
0.65128631
-0.81748452
-1.05276693
4.58461345
4.5453572
-0.45912688
-0.35609712
3.69391537
1.20396995
5.50030585
4.21314733
1.65992935
4.14992646
0.54407264
2.33948323
1.69700885
5.50488317
4.1938426
1.32342702
2.45097667
6.13046299
1.075932
5.56402583
1.4277125
4.43169464
1.52263986
0.94459006
6.27411604
-0.15012676
-1.63870192
0.31466383
3.32955639
-0.27365764
2.94600688
1.90338617
0.7904964
1.88251435
1.65559668
4.05621063
-0.33857321
3.38786812
2.71188397
5.74338513
0.08765045
2.39549379
4.04074906
-0.59613219
3.37254811
0.75265066
3.72814367
-0.8869949
-0.90236926
2.85979995
4.18446286
5.98391046
2.7370566
2.26624603
1.95746772
1.59100333
1.43957188
1.45845764
2.69129965
1.44224
4.42822991
4.39796959
5.81504325
4.02457247
-0.64181781
2.89659992
3.61046608
4.13408313
2.45648042
4.43650539
1.94677615
2.74969022
4.0821212
2.22947652
2.54061193
1.88270635
-0.74026378
2.54818431
1.35199786
2.76329996
3.0825809
-1.11951709
5.46184002
2.85240554
-0.74102219
-1.15959769
-1.80248465
2.51653905
-0.83976299
2.9854542
4.34347262
2.95587541
4.44404577
3.97079933
0.09991026
-0.99093748
2.55738834
2.78842811
2.24640963
-0.97544939
0.5922869
-1.28660691
2.35601995
5.03355026
-0.72177997
2.18341681
-0.36785828
-0.69377392
5.36187091
4.92531146
4.17027767
-0.8099952
1.39992032
1.03728281
-1.55750135
3.29513893
1.35665814
3.37505529
3.06286401
4.32805558
5.09711005
0.11164861
2.88891452
3.97719405
-1.65963183
2.83352122
5.23701333
0.03627026
2.01133855
6.13630176
-0.15695999
5.26882391
1.84761326
0.27646961
-1.73102811
3.91480192
-0.70500462
3.61305751
0.38148041
2.19058169
1.86628141
4.70755726
2.85969958
0.05954121
4.77194902
0.42231023
0.36966355
4.8641186
5.00272578
1.23167411
0.87322732
-0.0398637
2.96299502
5.03074461
0.8853381
4.47528093
4.00248286
3.18706175
1.11223196
4.31355092
5.10488812
4.0805012
5.79179745
2.69608668
2.80476786
-0.32695677
-1.15828074
1.69001219
4.6349373
3.65450829
3.8111721
1.45070138
3.31943632
4.67307081
4.78673142
0.01512637
0.08351494
3.18372344
0.63967258
2.91703182
1.59131213
3.36549932
-0.34042079
-0.11848207
1.10946068
1.59247637
3.14534084
4.58813259
4.10057175
3.52248437
4.08018083
5.64858304
-0.97460623
1.60617763
2.16048717
4.50010556
-0.76870179
6.28022249
1.52873781
3.51386079
6.02361052
4.83580329
0.21665436
0.60039683
3.21016944
3.30083465
1.4362793
1.45396457
2.11273639
2.06705491
3.90448767
1.19960649
2.63987955
5.32939661
-0.44971412
5.68076111
5.69526953
-0.81895607
4.51871997
0.52357483
0.37216663
2.29393787
2.82248392
2.66219633
3.66885656
2.51049391
0.24790289
2.2726367
5.76500926
-1.68723033
0.6891598
3.17945153
0.87686857
1.00751089
4.59485763
0.29371738
4.29279816
1.85738428
-0.82710353
-0.59011014
5.04795593
4.29634885
-0.68519496
2.82197626
1.27591252
-1.55989265
2.93749682
-0.11894241
3.37450213
3.5999831
3.94271172
-0.04745694
2.95010484
4.46271999
4.1592505
5.63899279
-1.52261581
1.91791816
3.11519787
4.41134335
5.37616641
4.15843922
6.35508463
4.09747519
1.64630584
-0.68753632
4.64219151
0.48931574
1.525659
-0.00351496
2.09597408
1.98815496
0.34416591
0.00774507
0.84729631
4.57008104
-0.09046187
4.61037282
2.84871564
-1.51660511
-0.61197109
4.77917279
6.05372953
1.51635792
1.53667131
2.50936371
0.75916663
0.50211608
1.36342368
-1.68717104
0.27161935
1.8639402
0.55475991
2.26614655
3.77309135
3.82620725
5.27469337
1.16709283
0.52401875
4.65656109
5.55995647
0.88863708
0.90680476
0.55476449
2.42695818
1.19640181
5.72710765
3.34293375
2.97405151
1.25466084
1.87947887
3.35425563
4.4203755
3.94966611
1.17308224
3.72220743
3.83633795
3.52843638
2.0739996
2.49202374
4.08915042
1.19448961
4.80224723
5.88694185
2.39106451
4.66075332
0.7213539
5.2516581
2.51329532
-0.1610755
3.10516327
3.26686801
-0.14113448
0.28689496
4.95829224
4.37780625
1.08631476
3.79964525
0.01657062
3.15088154
2.16082961
3.18627561
0.12238377
-0.7335449
1.75263609
4.20130139
-0.08098516
-1.71633788
1.841237
0.85997595
2.62954441
3.05380128
5.63498345
1.84776992
1.46410352
3.16744938
2.17424625
5.70298304
1.1786809
1.11515854
0.43658571
3.61156339
3.29873737
-0.4537896
-1.07987648
5.0147375
1.68547386
3.85246673
1.34008101
5.73274491
0.76393825
4.03056307
3.42791886
2.9867488
-1.31754659
4.08233173
4.58381388
-0.96776601
1.44587433
4.34999798
4.65611971
-0.1698345
5.26086577
2.03079406
2.69328754
3.27021042
2.42725171
5.67661524
-0.54333619
3.42071925
1.69009883
3.09759638
-1.26510241
1.86543875
1.24504226
3.33196434
1.72530814
0.08081633
2.02931666
3.81401469
1.63925771
1.73445446
1.15367341
3.51883962
4.05658771
4.94376502
2.17146552
-0.69450979
0.24373264
-1.08838144
4.42673182
1.01769632
-0.79692923
-0.36343479
-0.98238714
5.51260303
0.17616842
0.62135278
0.18159954
2.95224984
2.53706765
2.01112541
2.92694309
0.4325578
5.91815642
4.59324507
4.24993326
3.92355142
-1.46234437
6.0276677
4.58777295
-1.05002791
4.55164865
2.39163491
2.85717269
3.72457165
1.46516751
1.22909447
1.00946403
3.70029413
1.99665584
0.10448976
3.72509443
0.79314729
0.65609633
5.92621651
4.22259008
4.88766928
4.47817695
2.36161019
1.18204777
4.01543242
0.971117
4.9077096
0.8377936
0.59747063
2.14337758
3.13036391
0.8183827
-0.71897916
5.07293759
3.99334418
2.20958132
2.01200804
0.13861293
-0.43008043
-1.90716009
0.34501591
0.03364565
0.95332415
3.96271996
0.54348177
2.49926423
-0.22210086
3.72406126
-1.26159829
2.55378289
0.5717348
3.51066163
-1.78507659
0.78607549
0.79624294
-0.41000772
-1.10207647
4.13158425
2.61776641
-0.80543182
2.30959016
2.80528441
5.25306105
4.22592546
4.00303529
3.61205341
-0.35378787
0.23598876
3.65598066
2.71150045
3.67457133
1.40346769
1.10194777
3.99844258
-0.74387487
1.1168137
2.58579591
0.55250896
0.70157978
-0.40453759
3.89123222
6.22164745
3.86537665
1.78849739
1.55909355
5.18676845
-0.70078645
-0.95849305
4.78148885
2.32757946
0.45571062
1.54749702
-0.08067962
-1.60610561
3.93498035
0.19274854
3.32509255
3.40870875
5.41873464
4.53415747
1.57890145
-0.97055418
2.44649558
4.30304972
2.03262833
3.48093256
2.91787364
2.0082073
3.8212688
4.32818911
5.75351529
4.70068724
3.43917919
2.98839049
0.8262328
-0.82762433
2.50307249
2.91101303
2.86361569
1.25337732
2.10397335
5.26272609
2.15816305
1.65084553
-0.4522694
2.5651165
1.9316525
5.64341037
1.79542006
3.07298576
0.40130748
0.52113009
2.03780895
-0.12757632
1.42164174
1.65986754
2.73453288
2.66140722
1.99159195
3.3477743
2.21692275
2.23049233
0.90879929
0.15089907
2.5834271
-0.10314724
0.25478082
-1.58314638
2.38081348
-0.02679043
-1.40563097
5.77354862
5.26539658
1.60365108
5.25801284
3.23879029
-1.14303138
5.17725628
5.99083826
-0.76594024
2.38548102
4.04743762
-1.64693413
1.46913111
2.12951758
0.49954305
-1.11055543
3.08309912
5.59690608
4.22658081
4.7134066
1.4433857
-1.3216875
0.77053577
3.85542628
-0.59872101
4.3196671
3.4842697
2.31952419
-1.06905079
3.27200467
2.90558903
-1.56543155
1.52141695
4.90664044
2.3711947
1.40801001
-0.43335359
0.05049498
-0.50163072
2.25184188
4.44396123
-1.66526691
1.98526479
3.17832612
2.52016246
1.48616146
4.3018724
1.15559442
1.52432081
-0.32735392
-0.85793159
0.74999508
3.780334
3.26992793
-1.26070377
2.74012568
0.27733965
-1.72298588
1.80239174
6.11612797
5.7169806
-0.61972848
1.27654004
-1.25051537
-0.20215023
4.95392775
3.20424705
-0.77723354
4.17908451
-0.30377062
1.04102925
5.51780784
3.11419595
0.95423605
-0.47178288
5.03139909
5.73127146
0.69730763
4.13987386
3.39531036
4.77115877
-0.45210342
1.06670394
4.68040073
1.15502665
-1.72719766
2.87271339
0.57674147
4.44867683
4.96055859
0.44813539
4.05759902
3.81537657
2.97834409
-1.1751969
-0.1162132
5.33316604
-0.75949875
3.51666172
-1.92301639
2.2351869
2.68149428
2.4786812
2.92628916
1.96832136
2.00104372
3.41218441
0.56243264
-0.15345847
-0.82531599
-1.07955556
5.48720363
3.77203019
5.69512283
-0.9199337
2.09016086
-1.26704255
-0.95935514
2.72921046
2.67911549
1.76122421
2.16606089
4.72792546
6.23647219
1.21401757
4.95330727
4.27156482
3.22514676
0.63953837
1.20679252
-0.38016969
0.29007829
2.01645973
2.33978107
4.02653137
3.35555262
-0.35022471
0.18646242
-0.2333399
2.54765557
1.29842371
-0.45348042
4.0794971
3.55839883
4.87112616
2.71353224
-1.21422673
1.76661133
0.57482681
5.99322415
-0.98447829
4.51406577
5.48425248
5.7642626
1.88638222
3.79863782
5.89296323
3.11213343
3.54226058
1.13796974
3.32745329
1.94164782
2.92276196
1.21226395
-0.31754683
5.73255877
2.34034006
0.66474044
1.32188526
2.3358827
2.87031596
1.39443606
2.85020382
2.47127725
3.16981625
-0.78693635
0.87305311
2.55322842
3.43845588
1.91156753
3.17649165
2.08552413
-1.2956524
2.70341149
0.47057286
-0.37836392
3.38083879
-1.51485097
0.83917092
4.04734722
2.87860491
2.92694476
-1.6843665
5.77928452
0.87053238
-1.4831652
3.77240391
-1.11351919
6.2647032
3.75037364
1.12171582
2.56150054
3.03746675
4.50437484
1.66805915
4.53046502
-0.24226828
2.73800338
2.74200927
4.95529801
2.08461599
4.25854885
3.27989289
-0.38394918
5.74805051
-0.53664467
-1.11904678
1.51942588
3.97606187
4.07569529
-0.40832094
1.9179443
4.18802194
4.02400847
4.39537598
4.64112502
1.95103361
-0.2389053
-0.70451228
3.34395163
2.56691646
6.0009365
-0.69087099
-0.14708819
0.38704245
0.73305715
1.76544052
2.79906864
1.62235127
4.27811019
4.82764863
1.80694322
3.86310912
-1.07565228
4.59228375
2.27833304
1.63730905
3.19290648
2.06506895
-1.09607005
3.13576501
1.46036341
-0.85041418
-0.5784394
4.81405277
-0.89501786
3.20799335
3.56462936
4.69018995
-0.76875075
4.78522777
1.42668229
1.29763797
0.17046831
1.64338631
0.0091065
3.93858602
0.75722872
2.45270159
0.71517178
-0.89172243
1.67080252
2.59776659
4.15554077
4.19387607
-0.95272523
-0.72375909
3.28101353
-0.42480247
2.28755891
1.76889519
1.03878587
-0.55218433
0.14976431
5.11389868
2.04854568
3.21068076
3.5048004
4.82085986
4.41274417
4.76170013
3.41544393
6.09121787
1.58454478
-1.46502655
-1.59765598
2.48334233
-1.11019704
4.42904498
3.29041635
2.40918402
0.9801655
1.24061539
3.80802958
-1.36832449
5.71404477
2.38718476
0.10940262
0.1141616
4.50201208
5.53987174
1.20407968
2.21857689
3.32435184
2.72717455
0.08145336
4.07489138
5.93476345
5.9675661
1.75705235
3.79284493
0.81996164
3.51510554
1.73319231
2.3679245
2.2948705
-1.80439927
1.11292633
1.1516895
1.60379558
3.51506245
1.3941743
3.40653057
1.8829685
3.12061504
2.47208614
2.69621359
1.60262771
-0.80323138
0.31840807
3.02739777
0.52791755
-0.28091594
0.8905993
3.0193194
0.18052409
-0.08052405
5.90350307
0.85733565
6.1412703
2.68140556
3.44898414
-0.68347669
4.51145969
5.77820149
2.96093187
2.46594688
-1.07600403
6.02623296
2.47243992
0.49631171
5.65800522
-0.29411368
0.25826553
4.17890321
-1.73189743
5.75067376
4.80705253
5.3882919
0.93370616
3.77298278
0.5335575
-1.00921483
-1.77725508
1.829333
2.71361652
3.30768987
5.93202225
3.17608092
0.08592133
-0.8006086
4.31560225
3.74535674
3.56423202
1.34445893
0.10540728
-1.28338264
5.18984492
2.67713993
4.62413193
3.02342925
3.73253704
1.01208454
1.22613768
3.86148234
2.03571796
4.94570175
-0.34423767
1.03576228
2.59556196
2.54376565
2.71987779
4.96525564
1.87463003
4.63564693
5.86727216
-0.7089759
0.00155
3.87336967
4.40932006
2.29435636
4.56019447
0.85130721
2.29948722
2.7683591
2.99930687
3.79378662
1.72857497
2.63441722
-0.9978196
0.3000595
4.07727805
0.11610887
3.30294128
3.2790069
-1.20721773
3.25062578
0.4371408
1.62217049
3.58428451
4.5364661
2.63340215
3.12781956
3.48798492
4.58029976
4.54270893
2.05396992
0.12957287
6.04524676
4.62123627
2.19454016
3.25934879
0.09354522
-0.75899051
2.38519631
3.08860062
3.09314476
2.35954809
5.03719048
1.72953087
3.59557675
0.47551492
3.07235834
3.46079218
5.19315083
4.36510412
4.80754531
0.80984226
1.61406184
4.80950849
5.04471551
5.59590087
0.9952994
4.79553502
-0.00897588
1.46859572
2.22740582
1.60441934
0.3100855
5.40664989
4.91325846
0.75724389
2.61715206
5.40657481
3.8609862
2.81259861
4.2117914
0.3456983
2.45631834
-1.09595486
5.85474261
1.50876653
0.25085083
-0.73043348
5.73964222
0.27775818
4.7310623
-1.29133062
-0.47420028
0.12693197
2.94093141
0.4057806
2.10910319
5.27420331
2.46720731
0.66903813
4.53906065
0.8729323
5.56846489
-0.11158149
0.63240157
2.99706587
3.20723705
1.68010907
2.72759135
0.88913411
3.29023011
2.15412173
3.67396587
-0.99936402
5.820474
-1.16220448
5.78069067
2.27949053
3.51218063
-1.46807323
-0.55827929
4.87970761
3.69208918
6.16891788
1.93127569
-1.16776384
5.87532334
2.40302957
4.12735298
-0.6706914
-0.41253595
1.40804335
4.48484604
4.03249916
0.45569051
1.25519158
2.31729311
4.94909923
1.63813071
0.59881732
0.80728358
-1.3590672
2.64330364
-0.34280359
-0.26884204
0.65056344
2.07711607
0.16672192
1.20580029
3.25057603
-1.4040138
1.41495357
0.92581619
4.51914625
0.87032069
5.51152015
5.37755897
-0.08348806
1.45076605
0.30783519
2.58138334
-0.82659179
2.01349013
3.95411048
1.44606285
1.87557114
3.73989782
-1.17588097
-1.71941421
-0.34805129
2.09636208
-0.10472404
5.40230334
1.10766972
0.68372856
0.70928538
4.07528271
1.57204973
5.26740952
2.62036698
1.75832282
0.62375693
2.38511462
1.65981596
-0.08734712
2.90283759
1.32541554
-0.24025757
2.64794426
4.54007021
2.12164135
0.68204277
1.89957932
1.66187969
4.2105515
3.39664017
5.57032672
4.0273095
1.7699714
2.8063162
0.65832215
3.52232631
1.6750627
3.24219982
4.58483849
3.6475097
-0.91916203
3.51647678
5.18223356
2.84502772
4.35684947
1.26712283
5.83961854
1.38122492
-1.13088521
5.15036796
2.16978217
1.34321281
3.4199517
5.70278427
-0.90409279
0.33176822
-0.18705375
0.46843969
5.39765756
0.43674872
4.99038276
4.70798389
-1.18962529
2.16426205
1.9710672
2.88758244
0.01199507
3.44370568
5.35317114
6.00889053
2.53686849
3.6327237
-0.13308426
-0.58098958
0.27106091
0.85991572
5.45430962
2.73804049
3.50497732
0.22156841
0.08009965
2.36593356
0.2614988
-1.23750559
5.15201409
3.02390796
3.63021521
5.49642167
0.39978331
2.95004113
3.55248078
5.11041601
5.10893219
1.20591582
2.16824801
1.70138481
-0.50102267
3.60372988
0.7998088
1.45241139
-0.87370642
0.71359519
3.82310515
1.01680525
-1.28322793
4.5865769
2.31517553
1.06889733
5.20866753
1.0745209
-1.56210769
0.7617094
2.14916341
-1.90209841
2.25387455
1.86635432
3.9527883
2.81235128
3.76298438
0.03904974
2.8072158
0.78699662
4.40747092
5.2490416
3.23583658
1.99861683
4.11401156
4.2561729
2.83072902
1.02461049
5.24703679
-0.64146709
6.0460743
6.01366234
2.95923803
4.88351132
-0.73519671
-1.12935089
-1.73468403
1.31242376
4.31439112
5.53968746
3.78230345
-0.91644756
0.11527169
0.66918514
1.03767459
-0.77223209
-0.8193879
0.73707994
2.83850802
0.72342504
0.52708024
2.02727965
2.06309497
-1.04489009
1.37278776
4.15909051
2.56872803
2.40040686
0.24163525
0.0135988
5.39217674
2.21843729
3.40302351
1.54966999
1.53503291
5.05837726
-0.97599598
-0.17586512
0.96627486
4.25200108
-0.97658611
3.14987262
-0.64167959
0.17745712
0.14287335
0.31190595
1.99936366
5.22249199
5.48233272
3.6260005
0.10298677
0.85777812
1.60950182
2.86719528
5.90136778
4.99681557
6.05091731
1.5908207
2.72389592
3.34040212
1.36813385
-1.00494882
0.98047174
-0.46277586
5.1557298
1.27224814
1.60906974
4.69651829
4.89027045
-0.30162224
0.71953388
5.75329465
5.58788415
0.61136254
4.56232955
4.88104122
0.49583262
3.56116184
0.51806302
2.67101404
4.14914186
5.83865715
5.5185921
3.99412744
2.03458724
5.15807702
3.26986306
1.4687525
0.66754477
-0.12567897
6.07520982
2.71696947
0.43835498
2.58274575
3.22612689
5.86523126
1.89699637
3.20721753
2.28911617
-1.23033223
-1.23222743
0.56968018
1.77311816
3.0501165
1.80115516
2.50049822
2.01324642
0.02028094
3.38271162
-0.42945209
2.853744
0.14396553
0.78304391
4.50926857
0.16047421
3.80761229
0.93787013
5.43485245
1.88610948
5.61941492
-0.56182325
5.06757035
2.02114041
4.41187109
3.02311271
1.14052429
-0.71721598
5.17599537
-0.69852193
3.42157704
0.17554128
2.72104747
3.57895502
-1.02238819
5.24878471
-0.33957564
1.04843935
0.64700141
5.11905494
2.40386437
1.55947846
2.80482824
3.62101553
0.11663101
-1.77898206
-1.6392468
-0.60811456
-0.17433543
2.44204672
2.8184723
1.81792408
5.43074079
5.7911317
3.47269506
2.5861759
5.80389836
-1.23652169
-0.29239472
2.80614472
2.05623151
1.98279971
-1.78831149
2.3476886
1.51226944
2.8452359
-0.26077304
3.81608927
-0.04930345
3.5159419
1.71289324
2.72216291
5.35821092
3.50703359
4.96135593
2.41177178
3.39607434
-0.68221489
3.47793423
1.19585595
-1.03462971
3.46273653
0.21391683
0.56696007
0.9747188
-1.13460762
-0.36062742
4.88861428
2.61801572
4.8355162
5.01145267
-0.98681265
2.63512132
1.35513791
-0.34440813
3.79297489
0.2777751
0.11756939
3.16946835
4.48961669
4.51439727
1.58921598
-0.69049895
5.2068524
3.6324142
4.73841343
2.34221772
1.59401901
-0.13892069
2.98974615
1.1121249
3.13233175
0.60671045
1.79562497
1.76525471
5.1732767
3.11615003
5.02642618
0.17365865
1.08662158
4.05385666
5.9836992
3.52040377
-0.72617751
3.64210464
3.08189404
3.18713466
4.55290164
1.48365689
1.88964677
2.4691815
4.92398387
0.48985047
-0.36533236
2.39304188
5.90975619
4.50030753
3.04356943
4.42482411
5.09449789
5.94629348
2.34614197
4.38176373
-0.94833839
1.28487618
3.82012041
-1.06839399
3.39310289
2.32048387
-1.50042559
4.0253595
1.91962021
4.270804
1.36429108
3.9994975
0.08682716
-1.48838254
2.01770674
3.63733526
1.62934931
-1.2849259
-0.1234523
-1.42999323
0.85360718
0.06669599
2.97277693
4.34350847
-1.18815196
-0.62612029
-0.04142399
5.6452621
0.24237941
2.56231691
-1.49845658
4.09140513
2.34751802
4.10110698
5.48331491
1.15478658
5.76169212
-0.32828379
3.31034149
1.53635167
2.82073404
2.02003284
4.19757119
0.08537289
5.83193383
5.05863212
2.04563691
0.71718531
2.30646272
3.97002249
6.30423554
1.4611382
5.48827577
1.18233204
1.06909259
2.62715395
5.63667819
-0.43201995
4.37344084
2.07184261
0.33414085
4.45015872
0.41728947
5.03956601
-0.69973956
1.55571969
1.55937592
4.49532515
1.68110054
0.29875165
-0.98379624
4.16168056
1.05570698
-0.1734638
3.77284309
5.97095114
1.07947093
4.36916279
3.05559579
1.40808069
5.35216709
0.99324932
4.63403875
2.16851516
1.2408866
5.30689125
4.35043664
6.00351934
1.25836149
-1.20493895
1.01832678
-1.34167
3.9287256
4.81977039
3.24824466
4.48232933
1.5641772
2.27396315
1.99177234
1.23014794
3.10287383
5.43212237
3.04180692
-0.19520304
5.69185776
-0.38800863
-0.39391054
0.33611145
2.57509911
-0.45366856
1.20989162
2.70014621
0.29530215
1.49650756
5.21323036
2.54805334
2.30713408
0.28832806
-0.97031106
-0.11916611
5.22327275
4.84609522
2.60318167
-1.48235654
0.78918435
-0.89452311
1.97060513
4.61261454
4.97290504
3.96279662
1.35202427
2.21233651
-1.67027359
4.88169689
4.19608739
2.82667037
3.87374414
1.60545005
6.29889025
1.81533606
4.56642415
3.70669686
1.25315795
5.68505588
2.13459248
3.65992626
5.99222367
5.34635493
5.6873433
2.16697217
5.23578945
0.37309149
3.07689061
-0.73454883
3.19531117
1.47311107
4.58048263
2.85783792
-0.35807046
6.0816859
0.15126172
0.37725215
3.36967324
2.29791109
-0.75549823
4.37389907
-0.23501895
5.77633705
1.517669
0.38341263
4.5011948
-0.48535026
2.86944219
-1.40451381
4.30559794
0.23510707
2.73795269
0.64323231
-1.63182233
1.81256426
0.55782314
1.89339935
-1.4430064
-0.07627436
5.1391195
0.38284191
-0.70926278
0.70758618
3.77361525
1.50500094
4.71186867
0.74454789
3.29127958
0.09904712
-1.71542359
3.92158959
3.99082947
4.91466643
0.45717366
3.1598114
2.85837471
3.75438308
3.0025986
2.22301095
2.73761752
4.76283056
4.14215087
2.22065296
1.17614973
2.67319429
3.40747464
0.87111537
5.65597744
-0.27483859
2.31884576
5.6129689
-0.887481
3.96580955
0.89533264
2.56153119
0.19279183
4.06957946
4.75351701
4.62088641
3.99633586
6.28551551
4.48344537
5.82737093
0.94532295
0.33202069
1.58779812
6.19717736
2.06593887
1.97583829
3.787947
4.10523918
-0.89587109
0.68163572
3.95243336
3.53596369
0.6169257
3.68713136
4.71849349
2.80530295
-0.7261695
2.60738511
3.36486994
5.24689467
1.0979583
0.72693914
-0.41050952
4.7363842
2.43550025
4.04618456
3.70812705
4.58660892
3.73920735
2.00109942
5.65933088
-0.38715203
-0.73837383
0.92201488
2.20256995
3.86906667
5.64386501
3.30318031
2.92578702
0.25708498
0.16074172
3.63836054
4.5712278
0.82889931
0.0627839
4.19256609
2.96974631
2.34318783
2.81031109
5.0803626
1.94160191
-0.41427683
1.91842578
4.24420132
3.82611445
3.52868004
2.11086197
2.98850883
3.19720223
4.39392656
-1.81329701
4.92991475
1.5799058
4.74335531
2.02647614
3.79636938
-0.12384509
3.54095748
2.50502532
3.47586084
1.78835496
5.50101928
4.29063546
-0.3842646
0.77391721
5.87131715
1.03032584
0.96411588
4.80029871
-1.48075521
-0.64294568
4.37940429
0.90806092
2.8853251
3.64628628
1.36916006
5.28922708
6.01087225
2.78216593
0.91540161
-1.31368834
-1.4544051
1.91099429
2.95725604
2.50113088
1.56509262
5.16389584
3.93189896
0.97375975
1.43427824
1.51063694
-0.2925465
4.98135762
1.07339898
3.31750985
5.54650668
0.52037041
6.10950401
3.18869538
3.64635373
-0.08057855
4.33871552
1.74331523
1.72163838
-0.44889955
0.80328762
4.4334122
3.33779871
-0.83245532
2.9084378
-1.59866087
-1.32644774
0.93791161
3.06524082
-1.83331202
-1.02163173
6.00634111
-0.26161718
3.81902378
5.60455371
5.6869757
5.36703946
1.8547224
5.65638747
2.46445946
-0.32615932
3.18243765
-1.21761804
1.66704798
-1.30533115
4.22670116
5.34003495
2.74492459
1.20802598
4.46186215
2.41640258
0.6542216
3.36265099
3.59188897
3.96542118
4.22132193
-0.07885095
-1.38090164
5.11574896
-0.0509314
-1.22440528
-1.26865755
0.89203589
0.49472593
2.18869639
4.60074835
3.20986004
2.16236956
2.54175331
-1.46049524
2.36184931
4.98401507
3.28601
0.6404381
5.12624374
6.16862569
-1.1337965
-1.26027038
2.65694689
2.59474703
0.77675817
3.62250626
2.9053478
-0.90429759
3.91599622
4.54132935
-0.33551382
0.96249905
0.27347206
4.64714961
2.45293478
-0.36753283
2.77803756
2.57393868
0.11184281
-1.56457011
5.60495699
5.29570563
2.86018543
0.82548217
5.37235372
2.22711507
1.75837746
4.13891571
5.30126192
0.07064767
4.1474535
-0.74990819
5.42798574
0.79310798
4.54462809
1.08307684
3.06187198
-0.93092742
2.92631151
1.41121837
0.62230639
1.36033118
3.94826967
2.00141299
-0.14785038
2.17144574
5.73704772
2.49958832
3.49115548
0.17151088
1.66988475
5.48145194
4.33279932
0.89272614
3.21309807
0.19882133
3.65289481
4.2137395
3.14478009
3.34411076
1.17063977
0.84187239
2.48627382
0.02060895
4.76483059
4.15924474
2.4106356
0.59991005
0.33896528
2.25664218
-0.3652791
-0.21552521
0.94088098
5.79424226
0.6777141
0.24231237
4.20391427
4.37799089
2.4885978
4.35350455
-1.0553719
-0.04427952
0.00776202
3.68213475
4.31546863
3.18345659
1.18936941
4.63000723
1.05532109
1.96360392
5.2493515
3.98305103
4.10545079
5.75724913
0.35068655
1.24495875
-0.50318414
2.34364121
0.05887376
2.12952567
1.83419526
2.19247163
1.89695133
2.41798375
5.45303855
3.66967438
0.64456988
-0.92416473
0.50459291
2.29748413
3.56901445
4.05651564
-0.84879702
2.30636264
2.92623261
0.37085878
0.1583913
0.74320332
3.62755792
0.30496593
2.36065236
-1.87234071
1.86361075
5.44022083
3.15181063
0.38882353
4.05877152
5.34505723
1.09816534
1.66666698
3.99509142
0.28014998
3.04582491
2.54325239
2.1100898
4.94141471
2.82915512
4.73195884
-0.0892226
-1.30741108
2.22885397
4.48667689
1.45551613
0.77921558
0.3979042
5.78444309
3.63887533
3.44419665
5.10352904
-0.80669431
4.27994298
6.08174604
-0.83471012
1.59022806
3.52467647
4.53097557
1.0352658
4.80922231
2.66752261
-1.5390563
4.77171415
1.35195526
2.91225488
6.11561493
2.00306375
0.19480518
2.95523555
-0.70934229
1.39683164
2.2993139
0.40402203
0.14429865
-1.231095