46.227638
48.18420956
45.27488289
48.40638089
48.92306824
47.5327703
45.01140487
47.54466271
48.39173291
44.50664921
47.72199035
48.00274695
44.4688518
43.91844194
44.47737483
45.91000421
45.0283531
44.06649613
47.70159374
45.94415348
47.65722418
45.95816584
48.73385885
48.73655822
47.4943138
45.33001884
44.8201271
46.10115012
44.89785873
44.07309471
45.17336748
46.59764653
46.37058329
45.70549982
46.16884877
45.05770563
46.4864541
45.85204969
46.39924677
46.83881884
44.92601281
43.92026337
43.70709569
44.3135754
44.8847889
48.60024408
48.95023287
47.24753935
45.06481903
47.58932656
45.45631201
47.34034168
44.95019424
47.64786665
44.06404498
45.91584632
45.10117983
48.56420455
44.15341885
45.84844503
46.43769487
46.1967118
43.51299101
44.93920031
45.76596158
43.83424358
45.15654462
45.37436761
48.58805862
49.08199201
45.53561038
45.94403474
43.62313479
46.53040208
46.14926996
47.46765002
45.75441853
46.90820289
48.67962914
44.90739833
48.36330827
45.64629722
45.00237838
47.23789486
47.90227231
46.40277941
47.83860049
46.2201132
48.40454522
47.64888435
46.80901063
46.71157677
47.36100424
45.48361881
44.84224025
47.61421985
44.53868425
46.00165247
44.22092112
46.8278348
46.66236272
45.9731664
46.02312901
43.53841738
47.05379292
45.34485137
47.58886887
46.38469316
46.35901058
46.98028769
46.60103365
46.10066108
46.226154
45.95470735
46.26741542
47.48869493
46.40461822
43.66402866
43.89758276
45.8689835
48.0518619
45.94742029
46.60710621
44.69938473
45.09401837
43.46246592
44.81483345
46.20844594
48.21852683
47.71952515
47.47137581
45.95060305
47.05927927
43.87063036
46.21312596
45.59414808
43.92593232
44.14901423
48.23195289
47.11058196
46.29471912
48.41844084
45.35387945
47.46445367
47.67836287
44.32379648
43.58596823
46.68617708
46.46850358
43.7285703
44.34895906
44.35092003
44.97861823
47.55436439
47.80395448
46.65358821
44.12590365
47.86191153
43.86570349
47.12700009
47.27424243
46.03623948
44.99980023
48.66596101
46.66754911
45.92001932
43.71036592
48.12409126
46.55956209
43.80810714
47.2654821
46.58976507
45.65973105
48.90205784
47.38090825
47.37517243
48.44165652
48.53131202
47.19071396
43.58472725
47.76361611
44.17064161
43.48844043
43.97725529
44.33883142
45.23793869
45.88170382
44.16077022
46.36596199
44.04093301
46.1304675
47.19067672
48.29544154
43.61298742
43.6227181
44.86797996
45.37613094
45.84614782
48.42546508
45.59391675
47.70850758
46.19951401
45.16346667
46.4316203
45.94874313
45.4475624
45.89919793
47.09113475
45.04099754
44.32896138
47.99577337
44.36649467
47.98304246
44.96428378
48.11521166
46.82071366
46.20134323
47.02595506
44.13720475
48.30362577
48.55727675
44.26376975
44.31063246
47.87412954
45.98344668
48.0313183
47.97655401
44.34450429
46.21169891
45.10041602
45.70769975
48.05174572
46.3814501
47.10081819
46.23835553
45.80283243
44.59474534
47.16270754
44.74963796
44.74890096
44.70487801
45.057257
44.70613771
45.24837347
45.30994585
45.58112239
47.64484352
47.27827243
47.51653772
45.24003063
46.53323692
47.99622618
43.71189721
44.54836716
46.72460735
43.93214526
44.14152592
43.86111659
48.84253022
44.93482856
48.95278838
45.44054487
46.68143392
46.97912466
48.15800009
47.48515954
44.82257802
44.60409189
48.27530404
46.73284184
43.33971845
45.0108775
45.39047552
46.62749765
47.1396024
48.03188075
47.62175089
44.5351469
48.43595896
45.94802907
46.23249376
46.60860915
45.46163064
46.73679778
45.32661213
45.78729965
48.1550405
48.18974185
45.52952603
46.84670192
45.91257193
47.50171146
46.88133912
48.02459223
45.26625821
44.86356836
43.57656321
47.7315931
48.57914968
45.48927433
43.51880094
48.54177482
44.64013849
48.91832386
46.7460795
47.54546208
48.62402785
46.05128822
47.19699043
47.06417805
48.28501856
43.80435102
44.95899713
45.06779752
47.16854413
48.26330578
47.06829118
46.71205294
47.23492855
44.83526159
43.96407554
45.39829264
47.99807659
45.27955638
43.99294588
44.0550231
45.81951155
47.61417857
47.26407689
45.7865935
47.55919306
48.26006232
44.97511165
44.76743161
46.26762363
46.30342339
47.32984032
44.79392221
47.65071179
48.44878697
45.67284421
44.20245153
47.94834822
46.28214668
44.25975854
45.81767588
45.54578991
45.96380446
44.57361796
48.50473016
43.46253728
46.95596951
43.56306464
45.33691088
48.88490612
48.2126795
47.52498131
47.86644125
47.54271448
46.0448003
46.82411605
43.97103657
44.80046428
44.93018914
46.49098273
44.909815
44.34891764
46.70433325
46.2289506
47.80688578
45.12992392
47.48184634
48.27017157
45.13755843
47.42264433
46.14247724
46.68082007
44.80002595
46.10186876
45.46693488
45.00247254
43.6944479
48.46440293
48.30135797
44.89481966
44.81950668
44.03795658
43.8067253
46.31717031
49.08813688
46.949433
47.18493355
46.361571
47.63367999
46.81335974
45.64120253
45.49497478
45.07454366
44.5642232
47.6525293
46.906438
47.08452738
47.10486503
46.1659379
48.87893411
46.42606639
45.62317401
46.65974917
48.05430318
44.67511287
47.49479639
43.74017714
44.83992088
45.57637255
46.82388729
48.70651101
46.67559773
44.8222407
47.76762356
43.62028182
46.94045315
43.55832291
46.15769891
45.36275569
48.32734787
46.94701028
46.03739094
47.68568524
47.52455801
45.996587
47.64993092
45.34195943
48.35652583
44.79358922
48.74414274
44.00791143
47.99751336
48.88806611
43.76648987
48.46170824
44.80163179
45.84147187
46.62308426
44.66811127
43.71783977
46.38012943
48.77501838
46.36547995
48.54287287
45.4928056
45.01308907
44.22165014
46.82382318
48.7916845
44.86248715
47.25120906
45.26017161
45.47947937
46.8644146
44.87254738
46.48457971
46.41408488
46.00907268
45.8401192
45.47605241
46.7704718
43.8712127
45.36299968
45.21802702
45.4591876
44.52641038
46.02688164
45.38338042
47.8405356
47.62276417
47.92774411
47.66997354
47.677881
43.49798108
45.11283938
43.7120028
45.16245639
44.35064415
46.38532818
47.84541327
45.56387383
47.83081332
45.81475855
47.13361188
46.54782574
46.43985837
44.17638307
48.88773686
47.27638353
45.6234262
46.47261099
44.74107435
45.03748869
46.94164603
47.23310613
46.65059294
47.73575883
45.65587711
46.54833357
46.04350691
47.43102582
47.03057382
44.11853385
45.75373408
45.60309412
47.85975051
46.89751254
47.25793961
49.04116715
43.80769959
44.84758998
47.2403258
46.21515679
46.47449107
44.7798931
46.24895088
44.28856903
48.15605097
43.75374524
46.62359247
46.02039445
48.12914784
44.50253643
44.76975186
45.83625646
43.84122303
43.8218417
45.35112542
48.18625663
47.34662141
44.88908952
45.74368265
46.4912709
46.6556043
46.88335773
45.10786094
44.82982743
48.48811523
47.00792571
48.3637301
44.44153107
46.63830833
47.29942448
46.84430351
46.8731492
46.92069884
46.43215495
45.70378453
45.95216904
46.95436365
47.00241874
48.01668874
45.68217369
47.17804416
44.17803431
47.11878303
44.02129236
45.62708946
45.48143636
45.1249869
45.78667541
45.82987163
47.16522446
43.6319815
48.03150535
47.00487201
45.97350055
46.1327002
45.19347688
44.91351022
47.56256856
45.00756317
47.0739637
48.21124937
44.77993628
44.23339807
47.46243983
46.86472239
44.13084172
44.88755984
45.08087143
48.29521359
46.20640681
48.932853
46.94918391
47.52326196
47.34563616
44.02257737
46.48213038
45.40865861
45.16695776
46.42992234
47.45731864
46.20464085
46.31364596
46.02009413
45.29831998
45.48693887
43.98733727
48.80352395
46.27831873
45.84027405
43.94117567
48.65555099
47.72539821
47.02545251
44.63508877
47.59003685
45.64296947
44.0421662
48.75322554
43.53293933
45.09205398
45.49593565
45.71503314
48.48691533
44.65906256
46.81885216
46.43223495
47.27550414
44.17433831
47.10128742
45.69657082
46.07090628
44.54021981
46.44234591
45.83626193
44.63938394
44.98570585
48.72427359
44.57060015
45.9660664
46.20516968
44.24633916
45.97113373
47.45400728
45.2443242
46.07426185
47.30515878
48.35960464
46.30384932
44.92076262
44.55375001
44.06303565
45.29318955
44.33139148
48.25563569
45.3572371
46.84513464
46.71107307
45.53004986
47.24298317
48.06046698
48.07837186
46.74621322
45.00956438
48.10235574
44.30640953
47.77520761
43.97750642
47.53614623
43.83845413
46.47578678
47.46782524
46.89091025
44.47727941
48.39338078
46.38079592
47.1122165
44.09024741
48.16190378
47.05892253
48.09715214
45.44377399
45.65340748
44.73260698
44.62212692
46.85530637
45.54564379
47.07601342
48.52172545
46.56061166
48.22625908
46.57829302
45.97772912
46.3678631
46.45852439
45.1752079
44.16651281
47.33671754
47.19108201
45.54775063
46.25301262
48.07720752
46.55777483
46.1421014
46.99694151
45.41317945
44.07854798
45.18904881
44.13069028
46.5492972
48.40618524
47.68479233
48.35866803
43.9267052
45.27099068
48.34874921
44.87047271
48.01590774
44.33877241
43.65079965
44.41230741
44.15207707
45.92058069
45.55376854
45.61064976
46.22755023
47.81941764
46.28668932
46.08082388
46.843581
46.68018455
47.96423182
44.40430094
44.38385879
45.38310972
45.59268251
45.61011496
48.71620842
46.89179316
48.23716199
48.06394363
44.81247904
45.10605258
44.33286838
47.9442937
47.33906595
45.34839009
46.31787403
48.64510272
48.59089914
48.39793312
48.31085993
44.72100678
46.15968711
46.81387779
45.97058862
47.73595973
47.5025721
48.52311925
45.33938237
44.71710424
43.86427828
45.25960244
47.43359629
45.21565841
47.4700961
44.27314322
43.70366463
47.82885609
46.13409461
44.89924541
46.02766668
48.60625565
46.61280136
43.53787367
45.24304853
46.87934045
46.65078384
47.77335957
44.85644622
45.86928154
47.93421754
47.68302492
47.86116903
48.67473298
46.68750934
44.69069182
48.21287137
47.79855726
43.88643482
44.08771345
45.23628607
43.80429771
47.03301053
45.56958689
48.34302251
46.64381812
46.20155504
46.77959565
45.82209268
43.53655999
45.35623099
44.97556846
44.49756871
45.06163995
47.43449044
45.5533223
44.44097147
44.1595726
46.90044253
46.92592597
45.57184138
44.52094825
45.09883254
47.29627687
46.41027665
46.11225156
44.10472097
47.53691084
45.3051318
46.5090172
47.42517707
44.36028792
47.30641109
47.9079791
48.00734278
46.12213491
48.03614152
48.64762445
48.59124627
44.05947484
48.59328519
48.9564363
45.57370613
47.98591104
48.49262025
47.46659087
48.30153968
48.85913258
44.21637663
44.36033798
46.40514164
46.03797385
48.39334188
44.86930936
46.72946968
46.57171294
46.01780677
46.88997178
44.78909549
45.48999019
43.97294408
44.57604175
47.93675764
47.40644835
45.56975255
45.50346305
44.58896302
46.95011938
46.36738803
45.26172177
48.83921609
45.77983331
46.19907061
47.04152481
44.65402377
44.60700249
47.47193668
45.50458121
46.86777611
48.58885804
45.22356281
46.73473358
45.63837967
46.8496716
45.98232013
45.40851795
47.52521757
44.63584999
45.63006694
47.92079082
45.16051698
45.15226151
46.03601865
47.75765174
44.13526698
47.44053294
44.93878408
43.97301543
46.4822197
43.5214044
48.66352677
44.87273633
47.25350044
47.61451912
44.39709094
45.13290417
46.59389094
47.52425866
46.30188034
47.9101256
44.07043715
47.24423217
47.95684295
46.37990812
47.77699621
44.09316619
45.17063828
45.78458868
48.82018518
44.44753066
48.63756755
47.24271892
45.22550617
46.26248942
46.04181969
46.12563481
46.81380505
43.97606107
45.75187195
45.65131799
47.76072797
43.84109203
48.42073072
46.00109062
48.43370078
45.94381486
46.54892672
45.04450047
47.24146858
46.71280914
46.28929951
45.75905967
45.04457776
45.2528001
47.27330244
46.92170139
48.12510262
44.89068297
46.62116854
47.76090144
45.85014217
45.78225958
44.40155958
43.36046106
47.7808493
43.9480075
46.84756879
47.19514893
47.58676943
48.09580737
45.29351738
44.14080048
46.65405898
46.26065299
47.27197079
45.40312045
44.83178283
44.28445059
44.31419088
44.61233126
44.23523349
47.35659209
46.93245237
48.50602776
44.57014441
48.2845064
47.00659526
45.81610622
45.13408291
44.04952927
46.22039084
44.21953252
48.60875201
47.83105554
45.12391395
45.6587091
43.93717883
43.83407385
47.59300987
45.89361241
45.91633872
47.71307093
47.22497752
45.19371406
47.71689199
46.45822623
44.57689178
46.38998455
46.48886037
45.44353393
44.35392034
44.81880954
47.92233966
45.84279196
45.18479519
47.40508295
44.572264
47.5483051
46.16688771
45.30879198
47.83087662
45.54081021
45.14444307
46.748301
48.29438272
44.5977323
45.11720545
46.93027497
47.89715374
45.28192062
46.37258365
45.63486649
44.6295498
44.07559204
43.64605777
46.07212169
46.77938248
48.44357734
46.01005525
47.1658353
48.24490981
47.51343828
46.65399071
46.38867428
45.8471651
46.40463402
45.12530169
44.60550122
46.46642075
46.41351082
46.59634383
44.8928247
44.26501924
48.12257014
46.58341192
47.04291613
45.31950221
46.5922875
44.07280561
47.36787168
46.28558975
44.55580748
46.42013903
48.24544824
45.23487039
43.46393205
48.06520984
47.13284092
48.75934525
45.43159614
48.26649327
44.79365235
47.77283484
46.49524685
45.50757935
48.58856679
44.534917
48.71012788
46.03458609
48.39722791
45.10730546
44.4335281
45.97938524
43.8720596
46.00002798
48.44872198
48.67160845
43.51254908
44.94117324
48.41461518
46.85241301
45.50945387
45.23444183
45.08344782
47.45320279
46.89855521
45.64208598
46.12258565
43.70894212
47.94299068
48.84925835
46.80522371
46.04751309
45.90868294
47.3435524
47.13939553
45.34020264
47.74920835
44.49294386
46.80322331
45.10807186
44.82777193
45.24841904
47.18727678
44.3069491
46.76157732
47.35733138
44.66951404
46.50702701
45.95706649
46.73631616
48.20780301
44.0041743
44.79208408
45.48142903
45.88297983
46.46225109
45.30391054
44.17875496
47.21261644
46.37642035
45.15115098
43.52593633
46.57410009
46.04147505
45.96303686
44.40935607
44.72097039
44.7378481
47.35278689
47.80093157
45.91720924
44.88034256
45.68372442
45.99195156
47.7164691
45.60126522
45.70677127
48.38262138
44.29093939
48.02597354
47.02055319
47.37138408
46.4110939
46.85554669
47.87025541
46.17766316
43.93946378
46.95215771
48.196104
45.94889331
46.69954906
45.72150551
47.1509275
44.39781358
47.43805375
46.7523819
47.96744619
44.77545423
48.31676025
46.34974223
45.57029771
47.37628794
47.3218467
47.95743591
44.39233226
46.08994497
48.75234428
49.02445813
47.50302731
45.78565048
48.63861009
45.46571367
44.73551156
47.30824555
44.15177055
44.18350542
45.91575889
46.12871977
47.25530341
46.21743788
47.43846122
46.46906311
47.06466655
48.72614807
46.31332433
45.29315316
46.54268753
43.71164227
47.06133152
46.71116956
46.86690753
43.90054771
47.71414244
44.67906216
48.077103
45.36166682
46.2283751
48.31092804
46.06909544
46.96466212
45.66519344
43.86622196
44.89561977
46.20011884
43.77544123
47.51124278
48.01458903
46.44956888
47.97616179
47.28520887
47.243697
45.71823489
45.63827686
44.88136684
44.28258814
45.29842582
46.89453972
47.465603
44.68631383
46.49050396
48.72770728
46.28378104
48.76669834
43.49315092
45.94848067
46.18070908
44.73801692
45.55740302
44.45287692
47.51529582
48.65146649
47.07450051
44.34354562
44.979298
46.60270378
46.11666611
44.59113733
45.87737585
46.22045706
43.91105605
45.48450914
45.3400722
46.05532474
48.8883919
45.55707957
45.62964236
46.16188099
46.47481976
46.05786406
45.38994026
46.39968458
47.49795239
47.06159595
45.83766579
44.60239089
45.17594919
48.53243035
47.93172935
46.49358332
44.84637801
47.68838565
43.58254953
45.81798085
46.75606046
44.05680175
44.32022855
45.17078793
47.11799435
48.19685704
43.95640987
47.1530835
43.72333726
44.75166251
45.13557482
45.72587787
48.50717318
48.0338867
45.62304057
44.05728031
44.18087802
46.89390186
46.42443248
48.46996839
44.67596898
44.48285647
48.60988902
43.69593089
46.48782948
45.28251249
44.93665276
45.69350269
43.85390708
47.73391395
43.78401359
47.78048743
47.6811703
46.69055343
46.78294846
43.60404926
46.0833816
43.8542486
44.41946242
45.62958238
44.69611559
44.39445489
44.03300213
47.21025069
47.88937996
44.43166945
46.3844089
43.92958164
45.15551058
48.06512113
48.26137072
45.79987304
48.89372263
48.57045197
45.00364205
44.27679647
45.4917507
43.40671681
43.89498373
47.24914944
47.24004541
45.42673256
47.26920074
45.67021835
45.77417187
44.18544309
47.28871274
48.14843416
44.67264701
48.42544999
46.68121942
45.27712833
44.33986966
46.11059481
44.78035076
44.4707029
45.804145
44.68465765
47.37384031
47.77521766
46.3826756
47.38534396
43.53138149
44.48281791
45.22527379
47.97928474
45.34923885
48.39714006
45.38293271
45.76210636
47.48216051
46.62128483
46.18276299
47.36137244
44.97919761
47.21368197
45.15838985
47.75800897
45.88035535
45.87156279
45.32515488
44.64751378
45.96706677
46.1358256
47.37544617
47.30780545
46.99635527
47.10915779
47.98730992
47.63564183
43.43771451
44.25217915
48.93692915
47.26094332
45.79694381
45.73612681
48.34077544
48.46178257
45.43510163
47.17387602
44.6098347
46.48981932
48.11451072
45.46223658
44.51727432
48.62639504
47.80057832
48.57695077
45.71724451
45.89843775
46.81383915
44.39812847
47.0380629
43.70851977
44.39514522
45.3996865
45.47445517
44.0966133
47.89358983
43.53377969
46.06772464
47.81692708
45.33252448
48.40475494
45.37098349
47.64228641
46.9698926
46.21484503
43.80866932
44.54005648
48.70240778
45.77265701
45.37850594
45.99881366
45.02439062
47.94504184
43.7805522
46.39700202
46.62277874
46.67101306
44.25350649
47.64018552
43.56648104
46.33653877
45.33053046
45.31410778
46.87375062
48.73267876
47.82992018
48.46430237
48.15190841
44.19944148
46.91579522
45.50862705
45.54158436
47.23121606
45.7240283
46.05291701
48.33242731
48.91760898
47.15366317
47.5855044
48.70550528
43.97913836
47.15792722
48.81407818
45.26546446
45.67855477
46.62095727
48.67390861
46.61176862
46.30384596
44.62533154
46.57618619
44.30491317
44.18049874
45.42063692
45.98347095
46.44251609
44.33231211
46.29955532
44.92525937
45.62878876
45.43820878
48.31059253
44.91144103
48.51477231
44.96204504
46.79742008
47.77646325
47.52177042
44.66500126
45.89214007
47.3138248
46.63761963
44.68738882
45.11197216
47.37609854
45.1194106
47.88420837
43.65920657
46.82073803
45.47720101
46.9801902
47.39289193
44.48212021
44.97405729
44.5830617
48.48463908
44.92597681
46.65264629
45.5158136
45.20708399
46.88367569
46.33107138
45.47304396
43.72764282
47.08314953
43.56861441
46.77438121
46.36238128
47.00123653
43.55828439
45.93236161
47.18786117
47.34915984
43.87661932
45.09765382
46.00210819
44.47381698
47.04420067
46.08751062
45.8294865
46.35225325
46.06486478
45.48018131
44.96667955
45.73860453
46.63343883
47.93945961
45.54032766
48.06815142
48.36249498
43.77020077
44.51435939
46.59022958
48.25792195
44.03407551
44.71663388
47.92062334
44.90045679
46.37462505
46.78114418
45.59480287
45.6838621
46.23543939
47.22311684
47.20323219
43.462337
48.58221492
43.9410199
47.06958284
46.97604582
44.65640172
44.91912585
47.79460185
43.91619014
44.24331114
47.06614487
48.59649702
45.02323557
46.13567104
43.6029306
45.74347158
46.75771499
47.05153224
47.54329835
44.84787996
44.05625084
46.17636225
47.28359674
46.20605461
46.90152862
47.03975851
45.27986836
48.51485372
44.06796384
46.77305509
47.93577885
47.68894854
45.095704
47.98205654
46.31433975
44.14668983
45.84864569
45.40028159
45.79720777
47.02289886
46.0190322
44.38004234
44.56199772
47.62910854
45.06869775
48.58343043
46.47308384
47.80490349
46.48740325
47.25131784
43.67380845
46.84574882
45.20134155
45.23221634
47.48127504
46.45664167
45.62394874
45.54218812
44.32856524
45.46551623
44.96722317
48.17392791
48.0802758
47.49078734
45.05897799
45.73433657
44.29487414
46.27214516
46.4919476
46.3218863
45.87498753
47.10060119
45.51144346
48.35662164
44.87895122
48.68940897
47.64362846
45.69984764
48.62233231
45.42565332
44.34992472
47.76979179
45.9006472
47.58974875
46.50508522
44.62500235
44.11425737
46.74762032
48.01420919
48.56967039
45.16901831
45.86450992
45.82956734
45.31872958
45.25862275
44.22775183
45.26702112
45.64045837
45.05137091
48.99331602
43.49046097
45.76570866
46.72501273
47.60135018
48.47058762
45.75776016
47.43069148
47.27300452
47.07718635
46.73962971
46.69582291
47.62901383
45.91582991
46.62155463
48.77809456
43.86497121
45.03355332
45.20268735
45.50110351
44.78747034
44.45745531
47.48982172
47.34928927
47.52912854
46.68959427
44.9447237
45.47581978
47.80923553
44.39162761
43.79251358
47.44112943
45.01287878
47.2822648
45.80061553
45.1049722
48.85618265
46.87075176
45.62816995
43.97775996
47.34135223
45.85252192
48.49962439
44.60031544
44.34062051
48.81723038
44.92004054
45.94386313
43.89385842
48.17988015
48.32495376
46.96363096
48.20438894
47.41291745
45.82685992
48.90372763
46.70794757
43.63806825
46.49733018
47.5717997
46.12154766
46.96369495
47.13868206
45.24987409
45.87286853
43.46077328
46.36762352
43.69068017
44.2633032
47.9477804
46.94967017
45.2139572
44.51204429
44.61234186
46.99636062
47.88689902
48.14343678
47.81522108
46.32695596
46.2896681
45.09786352
44.71162019
43.68510259
45.12141238
46.15977435
44.62646366
46.11032885
44.60118759
47.76341642
44.82253695
44.13564472
47.98667869
46.18358358
45.79400487
48.48821967
43.60286086
46.43372755
48.37432007
48.79498465
48.8830713
44.96742386
46.5564716
48.64110646
47.6471527
48.32700572
47.58262342
44.32942514
48.56018765
45.95017236
46.23882771
44.0705054
47.47858682
47.76537225
45.13282453
47.77731106
44.73996821
45.66090608
47.84289853
46.04252008
46.70687892
45.75977398
46.88452774
46.51699112
45.26959785
46.57357808
45.78902068
46.10278876
46.70803998
47.3441277
44.90083072
45.82419834
45.18570909
44.82875758
46.6821146
47.32927709
48.57174737
46.3536429
48.80547253
43.55375
45.60900914
47.38298592
44.27289671
47.78198256
46.99086006
43.93258949
46.49450931
45.13730524
45.97765601
47.50773901
47.48163471
44.53907581
46.22224922
46.52319822
48.42960702
44.47051482
46.18510628
45.71107804
47.86900854
45.35771507
44.91121335
45.12604593
46.87821466
45.52645838
46.4252452
45.84262937
44.8329695
48.6390414
47.97961224
45.07459301
44.8861117
43.53780971
47.53085699
46.18168425
47.70862393
43.88965542
47.40243416
47.59141531
46.97177353
44.18351749
44.04039827
47.07302344
43.54760837
47.92575103
48.44252317
45.68056966
46.1195007
47.39310227
44.1668809
45.638122
47.62891696
44.14921989
44.13572055
43.97953793
47.09514241
47.65854422
45.24573567
44.17787852
46.8778241
45.10166974
46.54423003
45.82591061
44.44136485
47.74776516
44.03610495
44.18654191
45.7247641
44.41094453
45.22913995
46.28301059
48.3030557
46.10219677
47.52829875
46.531026
46.01134228
46.31684103
45.86833611
45.45657888
44.0257467
45.10213866
46.27178165
45.01599297
46.2994252
45.21282466
43.92165779
43.86641701
44.77247834
44.36009681
46.64993419
44.1469218
45.89530795
48.66704419
47.81826629
45.8840913
47.2005662
47.80252327
45.42829627
48.38581521
44.59221602
45.51930226
44.61033546
47.45858294
43.45359418
45.32019481
45.01581362
43.8775587
44.55526343
45.37110341
47.3873659
46.17524428
46.64671089
46.16279568
48.92281569
47.57473393
48.04752521
48.26485475
48.31842787
44.03892688
47.03090703
43.59417198
47.02702053
44.13452632
44.1544572
47.97256319
44.6273651
48.26584136
44.6845425
47.14271406
48.14311151
48.26687814
46.65853656
45.60964666
45.5674426
48.62966828
47.4601791
48.80036618
44.46613382
44.60752674
45.02269533
47.6271984
46.30946679
46.43497699
48.74615827
46.18657159
48.4450316
43.80686258
46.45545501
48.27841747
44.55380804
44.57119112
46.50902262
45.2987221
45.11693403
48.30507166
47.93548994
45.4777307
48.60523824
48.91019464
46.06505264
47.33794702
46.88238816
44.52526596
46.81326956
44.75204281
45.6460791
44.59416367
46.10991329
43.50979913
46.45407091
45.62610166
45.09331467
47.81053427
44.91979155
45.89192079
45.00060451
46.80248456
48.58614287
46.06196678
45.03596246
45.37806611
48.88236788
49.0270065
43.49714888
47.06956639
47.09239755
47.28969608
45.64818248
46.48982783
48.26830906
45.7918862
47.9824682
46.32367306
44.22851999
48.42719768
47.62570613
45.27042169
46.42765593
47.12732537
47.9368595
46.2426533
46.96474426
44.99610519
44.71216398
48.66794513
48.0996278
46.72028992
45.06314888
44.33236834
46.75611885
43.97296547
43.45516069
47.52905517
45.9406492
46.23246918
44.95965441
47.04760202
45.94299719
44.99972326
45.15486149
45.06841268
48.20793983
48.40731625
45.60491362
45.18343143
47.55450313
44.70596733
46.09795619
44.31124305
48.80831237
48.4179186
44.47073315
47.33351396
47.28766793
45.47853325
46.07641586
46.22662755
45.96314416
45.37352765
45.07051131
48.84871844
43.79215447
46.85560208
47.09295378
47.82057089
47.44221362
45.03180293
45.80674834
46.55063255
45.07649917
47.83012634
47.32592426
46.97911313
45.95320756
45.61453039
46.65558075
44.23432406
45.42731827
46.57149982
45.80489757
44.62112591
47.55539965
46.24583367
45.64076895
45.52418602
48.81887259
46.43446982
47.00230495
45.86595516
47.43319229
43.8490505
45.76737071
48.51173859
45.79029248
45.95042138
48.80536519
47.26711422
44.69262908
44.87111211
44.80466594
46.74582988
46.86457559
45.93984272
44.69542247
46.18863426
47.17403229
45.08912669
44.96961633
45.08600872
47.23069412
48.37487291
46.60389122
46.01015194
48.31936006
43.84665762
45.36038247
47.82737731
45.8917559
45.85657341
45.2900962
45.87976279
46.13876632
47.69314592
47.20453771
47.27529894
44.22698749
46.00760527
46.96955837
47.83946256
43.6422931
44.10031496
44.82127484
46.84863216
45.84754914
45.02902507
45.12913389
47.41240587
44.98199429
43.73455973
45.34389278
46.6063714
48.93009323
46.98456452
48.58057944
46.39862811
48.41277592
46.14434244
45.33383162
47.59909741
44.0523115
47.54060417
46.02999457
43.56432181
44.96970444
47.97306645
46.36395218
47.22934438
47.02430277
48.84508954
46.15188761
48.01812788
46.45447717
47.01166344
44.9408621
47.74545565
44.31119647
47.68729489
43.92603695
47.46836879
45.66681811
44.70783759
47.54787701
46.28536694
48.49579049
46.62075935
46.19771833
45.46115141
46.65302249
43.42046801
44.3927379
47.58792944
47.55146935
43.92578126
44.11870515
47.4420508
44.68408474
46.52210275
46.0218525
44.35753483
48.54320614
45.30870599
46.01556411
43.89913505
47.53124831
47.74371291
47.51828133
44.1092996
46.21806067
44.85932808
46.24503433
45.02922303
43.48914137
48.97943275
45.56629158
47.75012866
48.28498722
47.73707532
45.91910468
44.81946923
46.27799071
44.04696636
48.52770675
45.90950127
48.37085232
47.35119544
48.4095487
47.55013409
47.18847219
48.65997711
47.37769491
48.04203488
47.23327939
44.85209109
44.5205389
46.55751992
44.09240245
48.28093524
47.74106672
48.01727034
46.2066074
47.28931927
47.52019892
45.86753344
43.57958053
48.129406
44.31099043
47.64065589
45.1616016
45.49606446
46.1433611
45.18057363
44.63766084
45.63451813
46.46603836
43.9737382
44.84536133
45.21599809
43.40270048
45.23491408
48.38933436
45.15855856
45.72687718
48.18748331
43.59864155
46.69979117
44.01851291
44.23293366
48.07723273
45.78721218
46.26187942
47.14427689
47.5418483
48.15773938
44.23959817
45.01712401
43.92766668
43.44989055
46.62075216
44.41559523
48.86284872
45.93250549
44.25203741
47.53943302
48.51058725
44.0126451
43.76615556
44.3175205
46.1176457
47.3449645
44.27983466
45.9616951
47.30598182
47.48574919
44.91153099
48.39838152
46.31379047
44.28101629
44.16517234
48.8503408
46.61964921
45.24916263
48.03742299
44.17584889
48.52096131
44.63092447
46.74068373
48.33550298
47.93232741
43.84556758
45.85295328
47.28108569
44.4843068
48.65785385
45.40182406
45.45026762
46.35619612
48.47975968
45.73509381
47.65120475
48.38109835
46.72535231
44.36096472
47.22529776
47.26407818
47.23532182
45.13982559
44.63843184
47.81821179
45.77697084
46.39690043
46.23388568
45.0462674
45.71432469
44.89729882
45.56567915
44.68347908
45.69372868
44.10197765
43.92012537
48.11745707
46.64259388
46.54722075
44.05597264
47.21988071
47.48193117
45.81991546
45.43824392
46.89506746
44.50525387
45.95980464
47.82394853
45.26321072
45.31157038
44.46344006
44.24084645
46.49687338
46.83058176
46.30784137
47.68524009
44.86131604
46.21218138
46.30223335
45.01980923
47.36477838
47.53724673
43.9854277
44.00133478
45.16793897
47.03524027
47.86735241
46.25442066
47.58094267
48.56085336
47.14721544
43.88745407
47.72513515
47.59305142
46.5634215
45.18171909
46.7087366
47.06714063
44.29186281
43.83276825
47.74466377
45.25609125
45.58135357
48.05265641
46.21290148
47.3784388
45.91969426
44.71541612
45.83331593
47.14798065
48.00703301
45.65712555
45.30398886
47.98231361
45.32682961
45.31478656
45.21649501
48.07398147
45.70890364
43.84772825
45.1566492
43.82735714
47.32414566
44.99966619
48.56722075
47.46761519
48.66429858
44.89335762
48.03831563
45.90123956
46.71983985
44.64072379
47.02352044
44.98951686
46.87602546
46.65713779
44.78520651
45.6587919
43.64004482
47.14108216
45.085692
47.00086482
47.05834375
48.47318588
44.51365744
44.92211589
44.17150336
46.82106713
44.87035269
47.18076063
47.3912845
45.85703792
44.89391142
48.22436009
45.06490976
46.45494322
48.23022802
45.82825746
45.9568721
44.96783181
47.53852696
43.75860367
48.52034784
47.24747118
44.68220551
47.33599429
45.22184733
44.10193711
46.50926384
44.32248744
44.59695181
44.95001841
45.07909491
48.71854307
45.516241
45.17388349
44.80664105
46.21823651
44.60929658
45.98557603
44.14232641
44.0707109
44.63983495
45.62165662
46.8478081
45.17988745
45.28094081
45.67854291
48.1650652
46.29779693
46.67013009
45.87027827
47.7892829
45.52333763
43.87072654
45.03324144
49.05262741
47.31559171
44.06813747
48.65826954
46.49192936
45.58779096
45.86074948
47.65648649
45.64788903
46.7282127
47.91064196
48.40372818
47.66509927
47.62781952
46.8312473
46.07250093
46.71336089
47.24195937
45.72467053
43.91556687
47.43658037
47.44350282
47.95328483
47.28858091
47.36832025
44.40206615
44.04478475
47.07403904
45.03965806
45.3046747
47.9066664
46.53478321
46.93170123
43.5874694
44.69502797
46.68204083
46.25845032
48.34983229
48.47643998
45.88024557
45.16740053
46.64399658
47.32048773
45.13280009
46.85472511
44.22136475
48.16732459
44.41074484
44.55068407
47.21779624
48.80887962
48.1435478
46.39681877
46.51660976
44.81062845
47.80180146
45.11512745
48.98598578
43.46775137
48.74995112
48.14744396
45.79887872
45.43866889
46.67927716
44.76898561
47.00436238
47.63569492
45.3782347
45.13600153
47.47052823
44.3221617
43.88549366
48.56695211
48.09587965
44.56615629
46.56108724
46.84052764
45.14525194
44.10780618
47.93558078
45.78003885
45.4901414
43.51479683
45.01089242
46.92756311
45.49610488
48.08151098
45.00748093
47.84649416
47.52839708
43.70496682
45.81429636
45.35780547
44.29708974
47.92247573
45.45852352
46.85889317
48.35395344
44.60973716
47.97524251
48.05105574
45.72334272
48.18172874
46.06925077
47.16967031
48.69098062
49.09506662
46.72683758
47.61755921
46.15089294
44.81192902
49.1051811
45.17901122
47.26561925
48.87160714
46.26668144
44.44760448
45.67009941
47.00415742
44.66166224
44.34286611
45.80459157
45.80209757
44.78208252
47.55214458
44.45263398
47.48741979
44.612146
48.12944429
46.6397958
48.65796075
47.89909673
45.20010951
45.88612082
47.31683017
46.86417928
43.52413553
47.10933237
43.73793265
45.32403635
46.11639525
45.53023407
47.01617084
48.00968454
46.46338566
47.43773137
43.70104784
46.35151055
46.34637639
48.76622909
48.40402005
46.71050911
45.25795464
46.9486643
43.5004126
44.62526001
48.66242778
48.05988879
47.48469378
45.1856876
46.47519251
45.30527698
46.3668372
45.29003906
45.60595265
44.40947333
48.3672273
44.66829002
45.46720013
45.34429394
43.77284485
44.41311475
44.9260625
46.42987002
48.43962814
45.4910059
48.19613465
45.25145079
44.34099189
48.53326472
45.65437564
45.60687082
48.31944263
47.4962886
48.31302894
46.43839682
45.37750246
45.6842038
46.64206592
47.4892362
45.93736572
45.38709857
47.86913399
48.5373994
46.6360027
46.66005171
47.86575201
45.86756822
44.80950275
48.0216284
47.6249591
45.44808967
48.47134281
47.29492483
44.79275612
45.63591981
44.48476324
46.16537442
44.23651206
45.00800011
47.29016657
48.02687803
46.40745814
44.98113508
44.94854526
47.58593705
44.59575179
45.36506445
46.50254371
47.77478799
44.95503277
46.16398162
45.37017077
46.97404167
45.72584652
44.741784
44.28590038
43.77793946
47.08789083
46.30334734
47.23347211
47.49333361
44.47504095
45.98165742
45.48514636
47.68619434
46.23770913
46.09464228
45.45778808
45.97193126
46.2352724
44.57559975
45.44935716
44.33458325
43.70762504
47.53004746
44.46451601
45.75112364
44.70213601
48.05763978
44.47301704
44.0556967
46.26083795
45.72838931
45.72361199
46.76413811
46.49014749
46.03800996
47.29294005
43.75775927
43.65204291
44.40515729
48.71224671
48.9848784
48.25782448
45.35820275
46.94916933
45.65895586
45.39571461
49.06844957
47.12175251
46.35586979
49.01570858
46.18468796
46.13452248
43.63345323
46.99085695
47.78668094
47.85290027
46.40631135
47.60938224
44.52175399
45.12089937
45.53456827
48.33786454
48.42987379
47.4962293
44.29616802
47.80026981
47.22568111
48.92301286
44.45762484
45.1134276
46.82262658
48.55086552
47.39716661
47.00194463
46.97508609
43.57292105
44.91049033
48.28404644
47.38929419
46.91033023
43.8349932
44.00168449
46.65629006
46.02802101
46.99632038
46.56254736
46.73751354
46.62987835
44.41344158
47.3498617
46.77089333
46.10984709
47.0193409
45.27465539
46.2690231
46.39830472
46.3015842
46.50745819
45.43315748
44.90323259
44.44041782
47.93404607
44.43400818
46.92876598
46.85646872
48.46014672
46.72402686
45.10923355
45.64975713
45.04616412
44.15271788
45.28836303
45.46411947
45.34703585
45.88384846
48.28606298
43.8391995
47.36961902
44.9398273
46.14206649
46.50035088
44.72886168
46.81039047
44.47658747
46.91290932
43.77776407
44.33905177
47.87019596
47.63128019
45.32422821
45.48079326
46.62338267
48.21201194
44.70425876
48.26122023
44.74099591
45.63837667
44.18278675
47.05691327
47.68654842
45.82800053
46.36844906
46.90627004
45.5613859
46.34183739
45.66971359
44.34157819
43.67859332
45.51921894
44.29247063
48.80225021
48.31729487
44.19977725
47.38626982
46.65261311
46.52311647
48.29246261
47.05691592
44.18243064
47.04044493
43.43929501
46.84366488
46.69558569
45.13626157
48.68610731
44.78895888
48.54393263
47.56235562
47.62644248
44.3782801
44.44239732
44.88074791
48.12198631
46.8645399
44.55868305
45.92783952
46.54531199
48.74258024
45.81358783
47.81101634
47.69958294
48.97934515
44.98297002
46.79726881
48.32836091
45.1498219
45.19136694
45.95165363
47.61418788
46.00262209
46.78199983
44.74076435
45.71084226
46.20173373
44.92831309
47.55879281
43.79067605
47.94866843
46.10873852
46.97342541
45.14774117
48.94361249
47.3103831
47.14251629
45.71644462
47.5734222
44.89008687
44.79283974
43.70345389
45.43633186
44.97742438
46.37373367
48.60155768
45.16127073
48.46429661
44.79458628
46.33402453
47.85477373
48.98812554
44.85057819
45.39145725
44.87538667
46.21875559
44.70783633
48.02797841
44.02339044
45.84252739
48.35406798
43.92277721
44.09599499
45.70790713
46.20172081
44.32108365
46.53497143
46.34084935
47.07853024
46.78765143
46.33827426
48.89812279
48.03303162
45.67139277
43.67374244
45.66410315
45.85662873
45.40895103
46.95101355
48.27195413
47.49713643
45.23764564
47.61928628
46.72830668
48.76072803
46.01362078
48.40393626
47.46913326
45.52694105
44.55860549
48.85092464
45.81859652
48.20605139
48.82409876
46.20820539
46.41517481
46.08650203
44.26824298
47.13483155
45.78169134
46.84579857
44.77870451
48.68631533
47.75635771
44.01849946
44.44158175
44.1016336
48.15306203
45.97888242
44.20523071
44.76695288
45.07113522
47.00531873
45.02656453
47.96652557
46.50425958
47.9914495
46.63497108
45.5479603
47.82887519
46.24804094
47.17834699
45.82252833
48.22541874
48.84598457
46.9328339
46.38366151
44.42825953
46.18307329
45.87041737
46.59197467
45.18111563
44.63943539
46.14288514
46.86106456
47.35128568
44.93230062
47.52958998
44.28624483
47.41343812
47.90302711
46.21390645
44.00254419
46.12328284
44.49873048
47.86171128
47.78364077
43.41210611
47.11561537
47.81425553
45.60717421
44.3211179
46.93166911
47.51187926
45.84540851
44.43662562
45.74728004
46.21914504
46.39796639
44.05016762
47.51940484
48.46609792
46.68377865
47.96123267
46.85306794
47.09084311
45.13257695
43.61536366
46.20835314
48.05209837
47.77804676
45.42359723
44.6224566
44.90923767
45.95962585
44.24363039
46.08550646
44.05570208
44.75552664
45.85424888
47.98423086
45.23296289
45.73901778
43.64326634
45.25565529
44.80783753
48.16386457
48.51666044
45.06943118
44.99434747
46.38671481
47.38285883
46.9691621
44.55719262
45.54502702
45.72039582
45.24649651
44.43627307
46.17201433
45.60457171
45.46060829
45.02158717
45.61741174
48.47735142
44.76338918
43.62319405
45.02017325
48.7807295
46.58963577
45.84137527
44.8765244
46.5595026
47.22171864
47.85030989
46.87615389
45.38355325
45.91643135
45.90390592
45.14369457
46.39900761
45.02861426
46.2792851
46.30894973
45.11032854
46.25517437
45.83074042
47.39066757
46.13781234
47.61378956
47.40951279
46.70949861
45.11015597
48.04485557
46.85540865
48.10654063
44.5416769
48.32942952
47.13370437
46.03053984
44.94085776
45.76220535
46.70102222
45.29032005
45.8992939
46.83140907
46.42316371
47.99817424
44.74257058
48.73160236
43.45505499
44.3490554
44.62041597
47.53958307
46.91016628
44.76641524
47.12164455
45.04942217
44.26276232
43.57359588
47.28316927
47.07151259
43.93391075
48.21034487
47.23415538
45.58142679
44.16853331
48.91084129
48.88609059
45.12732798
45.72829047
43.69645432
45.94238603
46.59391397
43.82160298
44.07541501
44.63764984
43.53625569
44.5473934
44.43962954
46.17870345
48.59327969
48.77018912
47.70799476
46.38015777
44.09482276
43.91597282
46.80097877
47.1671
43.74130115
45.34743762
47.2164086
46.50753065
45.65163546
44.61737263
44.69938945
45.62452414
47.23092869
44.17487421
44.83878217
43.83179556
46.61725277
44.46989051
46.29706134
43.99111194
48.2023747
44.56566168
46.16609841
45.80319394
47.18412748
45.16092871
45.65595722
46.69348915
45.88718447
48.59438357
48.8908258
46.09494177
45.70879676
46.78457863
46.77807563
43.83991318
45.59488281
48.51834933
46.11742257
47.70362082
44.77507658
46.00649721
45.46766675
47.01048387
46.12171001
47.34418638
47.81788784
44.56329745
45.46356162
43.93803378
46.68659133
47.03923521
48.68969116
47.02086757
45.77045733
45.69213574
48.2793447
43.51399442
47.76840782
47.14584335
45.1184213
43.99916174
46.32127046
46.08921294
44.27908697
48.3703235
47.25419845
44.28997698
44.59788411
44.11676216
46.51142152
48.36326193
47.3453719
44.96372944
45.59723134
43.92575812
47.2040394
48.81813185
47.1548699
43.84686086
45.7939812
46.49629786
47.97080765
44.50879547
46.21962702
46.71129583
45.13160825
46.29769442
43.9932442
48.50975743
44.40281072
46.46858142
48.37814931
48.81651932
45.32102808
47.71273243
46.31889536
45.18872873
44.17079865
48.1022214
48.1063487
48.57575145
44.64711708
44.07542812
47.28536648
45.75162584
46.0918693
47.08360954
47.63846013
45.60537645
47.19462625
47.78451556
48.12054234
48.59686664
47.17209373
45.2946046
45.77661801
44.92603828
48.01410393
46.43075257
44.58156585
47.63003734
47.49235966
46.80523908
45.08655995
45.42839412
47.92558623
48.1092938
44.35415068
48.08463198
45.72925115
45.52239713
45.09857995
45.76041495
43.87859666
43.64275274
45.60522589
45.04921699
45.74601528
43.44361062
43.73956762
43.83460703
45.1269496
45.82095013
47.93940273
45.15649459
48.36733617
45.54544015
45.1807311
45.43896012
46.6162624
44.63137648
47.80917605
48.01421465
48.35412697
44.13417343
44.66810938
44.78910588
44.98668886
46.39686724
47.58542806
44.79755447
44.87891069
47.81036313
45.24174715
48.5613965
48.46903228
44.08260258
47.07543538
44.68035027
47.3924294
46.73077717
45.64881987
48.44182844
46.15131813
48.7556405
46.73846139
45.04489936
46.7391029
46.18500471
44.2868163
48.63083026
44.68643647
46.50669585
46.31935922
44.2008627
48.70036734
43.92932381
44.82957867
47.19993353
47.34160806
45.57658148
46.75744256
46.88943543
45.61718327
44.39556913
43.7849439
47.42230686
45.86265802
47.39954641
43.95852917
44.88005175
44.52207156
46.59242568
48.37418703
45.27809874
44.39641263
46.46614919
43.95675304
47.78001961
46.83266798
45.12367339
46.95762162
44.61045387
43.88080015
45.07929599
48.03691773
45.59395092
45.33869728
43.66183845
45.70237815
44.08974603
44.93679753
48.64882635
46.75849565
44.13663341
45.42295889
45.98893748
43.96396367
46.8952313
46.36918437
48.08866939
45.03113361
44.80356181
44.92245456
47.07031386
44.0374724
45.85874563
44.55101344
46.92345959
45.60248228
44.900171
47.48450089
47.53732051
45.79845714
45.95013293
46.04759667
44.74816382
48.38870339
47.27885808
45.74358266
47.01816609
46.00058829
46.34012021
46.79334623
46.78335
47.4404747
46.66505649
46.92823596
48.90157884
48.87584267
44.98044219
48.4511184
47.38818763
47.49447401
49.00636543
46.13657489
45.35796496
48.1005296
43.80281255
46.42308905
48.50755359
45.86746722
45.53737188
44.2980225
44.64471338
46.7689143
45.83603652
44.57896878
47.3055549
43.89262189
46.49984686
46.21299601
47.10305467
45.78867988
44.40793112
45.50614882
47.8977864
48.08594573
44.67820298
45.59678608
45.80924751
47.2548109
44.96217248
47.96834764
47.89870094
48.70641368
45.35443482
45.30063658
47.85953933
45.40100713
48.27171325
46.44985926
45.59076344
46.08670448
45.80697925
48.63751232
46.47862672
46.14307064
45.53585289
47.66999303
47.49141073
47.38180386
47.2896759
47.6693006
44.71029413
46.61933065
44.87964346
47.52270504
45.12848016
45.78587358
45.07164609
47.21159726
47.29700565
44.82388369
44.66000691
47.8215806
46.77174801
44.72937472
44.69969059
47.58016633
48.06198167
48.6792445
46.59595759
46.61982668
47.31833409
48.31525601
48.15334195
45.03606107
44.59501571
44.49937
43.3489793
46.57423274
48.36203912
44.16714208
45.2965603
46.65314613
43.89800755
43.75504755
44.94069873
47.12710902
48.28694754
48.38622823
44.45668412
48.97313819
47.78839142
44.30922008
48.82518646
48.34284282
43.3710253
47.74911894
47.82195797
44.98454743
46.99458552
45.48139173
47.7148589
43.91314397
44.79947671
45.31492368
46.33947634
44.03035324
45.0608915
49.01470749
47.55674501
46.2907532
48.89195654
47.39133005
46.32708806
44.48955657
46.46050691
48.5100843
47.03630566
47.19216124
48.69187903
47.73960771
47.7569371
45.82176454
47.38941834
45.54738105
45.19362147
46.70915396
44.33943241
45.17092716
43.86514549
46.7126475
48.63957202
44.37834117
44.57299715
46.71218139
45.71912391
43.80610702
44.12692118
45.01241155
47.51564564
47.33615013
43.92991729
47.92736706
46.03953109
46.59050262
46.60465282
46.47433107
45.58888577
44.64518105
46.89845894
46.52458942
45.25297884
45.11848697
46.01844461
46.45458009
45.56659351
45.07909299
48.35546348
43.93737938
46.96848109
45.29616904
46.11355027
44.62103129
47.21383401
46.16971981
47.17617069
47.49783164
44.62443238
48.91229548
44.56038353
45.1537739
44.88775769
48.1460158
44.61565679
47.42714831
46.06601047
45.35270514
44.7992297
44.12049089
47.55727533
46.66420982
47.03265338
46.9994457
46.16719348
47.87826151
46.88467376
44.77759996
46.25894609
47.13848347
47.22078015
47.28542769
46.29414358
45.70896975
45.49733967
44.57915463
47.56025175
46.41170045
48.80748545
46.44657938
45.1902819
46.07697689
46.70037819
46.08264647
47.22736831
45.61014224
45.98703426
47.3431187
48.06326277
47.55059084
48.23355887
47.88938923
48.87424871
45.2828492
47.85529481
46.36034098
46.8185047
47.58321677
45.94528582
44.32396771
44.68261235
46.57533702
48.63448837
45.24973089
48.53250369
46.35041316
43.65920275
44.95918622
47.43259742
48.25835712
46.9941601
44.10881014
47.68667077
45.92018031
45.94071655
46.20857996
46.09566707
44.62768164
47.45642511
46.44326319
49.1195244
48.77108817
44.35550624
48.65299417
44.08882415
43.38840496
48.05507862
44.50480395
48.15243426
47.88567973
46.8938397
47.10018082
46.12312036
47.02069816
47.24055581
48.22328256
47.65620809
44.61490479
45.15385562
43.8699725
45.15510905
47.79764159
45.23372092
46.81846372
48.09286632
45.85277116
44.81151393
46.0012397
46.55818273
48.68124149
44.24911714
45.67467462
45.9499725
45.25814805
46.43546273
45.29949147
44.14478011
45.83699812
46.4864104
43.74139913
48.67133195
45.45645661
46.43916926
44.58951623
47.80746033
48.46352628
46.75270785
45.21194683
43.72780903
45.61718355
45.23508508
47.14254116
45.70098496
46.21278767
45.86832068
44.08375356
47.39816771
47.96357249
48.81670176
45.09341137
48.39306806
48.28935801
47.54297998
48.06990272
46.93567986
46.455578
45.65055156
45.55025564
45.07058926
48.85301602
48.62441938
45.36635022
45.82720216
49.09896847
47.09299446
48.16047066
45.77958499
44.87018009
43.72189766
44.86141619
46.96130895
48.19292458
45.40638611
47.56959705
47.65995231
45.63279778
45.48348139
46.45812278
46.86001316
44.52741079
44.50414199
48.71960531
45.25222238
47.16869592
47.80556541
47.19674856
44.31399873
45.97470254
46.66055532
45.32587025
45.93623229
46.1938561
47.26752574
45.85278982
44.1498963
46.21262525
46.27768316
44.79305862
45.68452145
46.40222599
43.81752692
45.95250983
44.1261487
47.12024357
45.19246277
47.475627
47.93157557
45.3158895
45.93431653
48.50959538
48.00305762
47.68429748
47.30555792
44.05689896
47.01147479
47.46976976
48.90943399
44.07986957
44.98999413
48.83644977
48.3185817
45.84919623
45.0246072
45.02297806
48.42824636
47.42104363
45.81940265
47.50288717
49.09007848
44.95515778
44.97768787
44.95784847
46.09359765
46.15989123
44.29949397
44.15759242
48.70931475
49.03087614
46.97749527
47.84219452
47.22894726
43.70708735
45.11973384
45.41871065
44.88629769
48.01250384
44.24503182
44.25956567
44.12643165
45.3434118
48.20124393
45.2472654
43.79177269
44.51528345
45.62327388
43.94289696
44.14634403
48.02755051
48.68239511
48.39876925
45.12015245
48.84124965
43.68047809
48.20227877
44.8686578
48.0695877
46.76298357
48.21792685
47.23454833
48.21999559
48.90053015
47.4866886
44.54626604
46.49737522
47.23584952
47.70349291
47.79149442
44.90880104
44.85925394
43.87024716
46.17732947
47.35774476
45.87849701
44.01599572
45.5913279
45.45253205
48.20440111
45.60624946
47.33920004
48.22571556
45.70266282
46.8854418
43.66225815
45.82990693
46.93797297
45.32466484
43.78585107
47.71140888
47.91792923
46.67802962
46.6066287
43.70985695
48.24707956
44.52410086
47.42352181
46.33570347
47.53339022
47.23858941
46.71912717
48.96232964
45.98352912
43.74813621
45.98918105
44.06116053
47.66851477
47.10827632
46.38033767
48.92524447
45.59433777
46.28646787
48.34847042
44.80094446
46.8378031
43.53799074
47.88709884
46.04461645
47.88866861
46.8126374
46.43303008
45.95217984
43.44512542
45.11584098
44.38879519
48.04616972
43.40102141
43.79360908
48.07989816
46.669938
44.15068261
46.35636563
44.63212059
45.73258875
48.05220776
44.84966514
45.60630565
47.7160983
43.39158918
47.64434509
46.01002847
43.53240869
45.73662431
46.67114335
46.10048086
46.35212047
46.51964336
47.02897426
44.77700202
44.22985399
47.55931506
46.04386266
46.55470874
48.03526374
47.3604213
46.24000097
43.59977737
47.51921507
46.9308884
47.02427892
45.54293139
45.0133182
47.4942751
44.1217479
47.14181628
46.97577135
48.23959649
44.32458819
47.48005068
46.2070946
44.16904804
46.05083076
46.56387991
47.26066305
47.23957784
45.88679401
47.42679442
45.24613534
46.90548624
47.15542404
48.49042958
46.27930546
43.74987533
45.57591973
47.33178411
45.44261301
44.08532197
47.4952825
48.20971104
48.22223456
48.18556921
45.99118196
45.78482264
46.78881238
47.86516394
46.9054676
47.55394046
47.48742999
47.60227512
44.73432089
44.05865388
46.36958309
46.31792507
48.09014134
46.38834915
44.57857217
45.13260167
45.5903901
48.14188067
48.64686856
47.43220588
46.804095
43.94605818
44.45386068
43.45601984
45.88172342
44.14547584
46.56009444
47.60217719
46.66785672
46.34010035
44.96292517
49.00522465
45.43803839
48.50243463
44.49966185
48.4014491
46.27176715
46.44359859
45.22660077
44.49204886
45.96477478
45.40838691
44.54104705
46.5324512
45.33704767
47.90614299
45.56959438
44.16333789
47.75850512
47.79738539
44.36073656
46.02905069
47.57987077
45.46873721
47.41812193
44.32160414
48.90647279
45.02385516
45.41894782
45.26474268
46.02103056
46.77825941
48.17494024
44.14939406
44.61547266
48.39807872
46.41093567
45.32784195
45.41003976
45.04434117
45.82169618
45.34938341
44.11345482
45.70091737
47.3531396
46.56586285
47.60165575
44.59290844
45.23517987
47.62418174
45.74938192
44.77870372
45.37706454
47.25854791
47.47014014
47.2132479
46.4131381
44.52004719
46.54380891
45.00061242
45.08255796
43.58004027
44.35841605
47.69665302
44.52322825
45.72952162
44.01669235
48.7423708
48.52554589
46.73246447
46.79647806
46.11547707
44.91788106
45.37950009
48.88611359
44.86017175
46.18435239
46.90320912
47.65182479
47.21577818
46.9958078
45.46406714
45.39749499
47.22549174
46.75464254
46.04560436
46.47326887
48.15435535
47.85829335
45.0515924
46.51862132
44.71822113
45.47678666
43.52581624
44.36601424
48.15553374
43.77944561
44.47643685
46.12605996
47.48857001
48.40222606
45.85012497
45.2611783
44.71868774
48.11714652
48.32307483
48.59874854
45.18157731
47.39674911
44.22014752
46.85960382
47.94178544
44.6952512
45.37126949
45.55692838
46.00737348
46.58908734
43.94154867
44.80372188
44.53672856
45.97994524
47.47035642
46.32135225
45.18906849
44.78055518
46.1063652
44.17426414
48.08094997
44.20335071
47.12407002
48.57714753
46.35387464
46.68883985
47.88678011
44.3986271
46.489715
47.58409026
48.32456503
47.59898492
47.65112801
43.5793964
46.57430841
45.38139631
47.73650845
46.3969155
47.48293643
44.3198774
44.77978688
45.53416298
46.22620173
45.58724779
47.08385049
44.34577776
45.80561667
45.39929151
47.41953213
46.72698364
48.18555836
48.08421984
43.79881224
44.49066046
44.86197816
44.50780083
45.54738154
47.9722561
44.64151878
45.55042413
47.35104455
48.43112836
45.28744089
43.6446234
45.57910032
46.04386513
45.56807411
48.16917156
45.07153192
47.54402192
47.74359081
44.13481328
47.16573405
48.2046539
45.23279298
44.66886227
46.47785557
44.43864641
46.89283236
47.15504008
46.77222815
47.3710605
45.07301495
43.73902281
48.02352973
45.28350571
45.33631971
47.26932122
48.29656495
45.4501071
47.33548852
45.70575364
46.06889287
44.25752511
44.91184094
47.80335883
48.36843908
43.90562908
44.77257596
46.57218106
45.04279363
46.31708659
44.16960897
46.109748
43.86343304
47.531536
44.02819135
47.43079323
46.93883015
46.54594935
43.67511375
46.75396012
47.94321359
45.86314214
44.38308546
45.31820618
44.5064413
44.43728764
48.59287432
44.85345801
46.26490953
44.91028327
46.02666807
46.01428967
47.97636461
46.93541088
46.68370983
47.97840082
46.95226156
46.66496675
46.82581474
45.3407506
46.9822213
44.57214055
46.40535723
46.07392626
43.50176231
46.45747293
45.44189553
46.59404455
46.32298674
47.99030805
45.08709474
46.07416296
47.97344702
47.76913643
46.31195705
46.35498458
46.76887457
46.28630193
48.88221046
45.9637125
45.96359607
45.89618951
47.04458625
44.10115265
44.16888524
46.71703213
47.9556058
45.35778533
46.1806789
48.66020845
46.40955605
45.5533102
47.15522882
44.75598239
46.85044061
45.36336108
48.07491823
49.06459305
45.85034742
46.45326624
46.96556074
47.0623545
45.56969277
47.84331743
46.23885413
45.85911791
45.12989013
43.50127828
46.81224187
47.66675443
43.6340778
46.14211837
47.19044538
45.79037729
48.75734479
48.05053761
46.32006867
43.69140437
45.76132436
47.37634155
46.63513863
46.59987817
46.89153126
45.6036736
47.60291226
47.74314882
46.1024587
46.07784292
48.27777322
43.61154377
47.05153623
47.3462938
47.03229754
45.86689388
44.69616408
46.40924327
48.1536486
46.64853227
44.25522998
48.34911092
45.74269767
48.96630283
45.285409
45.01174125
46.95011313
44.39287254
48.61394814
47.33989106
46.87636751
43.96290507
46.03305944
46.12548741
45.27801223
47.48959367
44.35632371
46.95330095
44.24671363
47.50683793
47.88125008
46.35552897
45.23590516
48.14051931
46.94765295
45.46872479
44.46480758
48.53301972
46.00273182
45.13668101
46.75999324
45.42828809
46.28946363
45.85256507
48.80080055
43.70877069
47.97305417
45.79138842
46.51540969
47.07040018
46.90257897
48.94039417
47.73983293
44.21314308
47.11744181
47.87007448
44.9133308
46.30089708
47.47787857
46.22388318
45.95837806
43.89980571
44.03347685
45.47230883
45.0400057
46.50460299
46.89931712
45.53496559
47.9607375
46.26083897
46.56383261
45.40449984
45.36902153
45.83682134
47.47233425
45.3119158
44.38764295
45.78432279
46.99207245
47.42945963
47.82287597
47.10545659
48.01653446
45.40292153
47.7079419
44.49148151
47.66811947
45.93690769
47.62493676
43.87950264
48.45041154
43.74819765
45.62657163
46.21244749
45.24148666
48.59057861
48.81536347
47.34896235
46.11858505
46.73194126
45.84184385
45.44434896
44.09359486
46.34613235
44.98954732
46.03579641
44.84885671
46.01784945
45.5284616
47.13947571
45.17815956
43.62115087
47.4011769
46.19560023
48.88564174
44.1582185
43.6999269
47.91679302
45.05750422
47.90458554
46.48438364
47.85690111
48.16872447
44.38466386
44.87919446
46.01774712
45.65344469
48.05716129
43.92664704
46.24043816
45.31955742
46.40814784
44.93450974
46.63897984
46.28066151
46.55304914
46.01437429
47.2473193
46.4410924
48.85795565
45.44658543
46.55892237
43.96523623
45.41176946
46.74276269
44.81905439
48.53282225
43.84896829
47.13970814
45.59869303
47.97463556
48.75902076
47.34914253
44.42576667
46.60705717
47.69520643
44.67814558
45.15317068
46.39224737
47.77697254
46.42598116
47.61035091
46.28833693
47.27099714
46.1923613
46.82570834
48.70831021
44.87567214
46.05267708
43.8033442
46.81298516
44.60745254
48.64329117
47.48701641
45.24864293
44.43527502
46.48162832
48.55576154
46.57891903
44.47007433
44.59680726
43.99781527
45.22389226
45.76777484
45.08104141
44.8460424
45.68319799
45.09402979
45.24808631
47.93037194
45.11785175
45.145722
47.10779566
47.51084468
46.30200913
44.72090499
46.41707224
46.16109347
44.27130003
46.5704274
45.12681198
45.88347536
45.27832233
46.10456529
46.68870811
44.3806014
48.77218496
46.74932398
45.23787389
47.58880394
47.84476614
46.6165
47.06978711
46.74920112
46.33076404
47.4855879
46.56331147
45.49981386
47.68955531
46.88663451
46.46375479
44.75294662
46.77731249
48.73132551
44.81066159
46.32111034
46.61103905
46.55383868
43.95773214
45.71638571
46.46038622
46.87807288
48.55438388
47.33396161
45.97574484
47.41210853
47.89334754
48.37216346
45.06151312
48.29465795
46.72069069
43.86450361
47.06753815
44.70284004
47.98517616
44.68936999
44.99090972
48.38586154
44.07595841
48.76025308
46.37609943
44.81482423
46.48074847
45.27370075
46.97965443
44.27373826
44.33474164
48.01486594
43.84709378
47.7835165
47.20511889
47.27781254
46.46120862
47.30108618
46.17551199
46.08293882
47.55200219
44.97526623
44.78761351
44.53150932
47.59461694
48.57484233
44.12424511
43.34197364
48.5051859
47.85208921
45.79405024
47.36837958
44.09080695
45.10890427
47.38579757
47.26069198
46.4499371
44.68133636
45.59358442
48.34237059
44.65798114
43.67125868
45.37718056
46.5406824
44.8776565
44.70065334
48.36793029
44.06648192
46.11208849
44.38486863
48.29157364
45.484355
44.12785324
46.50965582
46.2426094
43.64398357
43.84047771
43.8163367
46.11910275
46.88607838
44.74042069
45.81835842
45.62466045
46.34731303
47.13290817
45.2138061
48.76131999
46.20316607
47.10459539
46.13593121
45.11173193
44.90821757
46.15759584
47.09380557
48.63439702
46.10728884
47.17104271
46.65386335
47.07584246
48.95621287
45.8892588
45.28982855
46.92622668
48.49486122
46.04526828
44.37751155
44.67826075
46.54896996
44.45331755
48.14470733
45.5795052
45.52548866
46.05146869
48.99929831
45.59853974
44.50071014
47.56513436
44.28407652
46.37981014
43.86494386
47.63137223
44.67392126
45.98061323
45.64453843
48.41194238
48.04666634
47.11378457
43.91922397
45.44049271
46.18131105
48.19951015
46.40492118
44.17743632
43.98426083
45.98460597
46.76062568
45.07658775
46.93493525
46.38638359
46.14480888
48.04659519
46.20626305
45.49586051
47.39350936
44.69104493
44.0529729
45.45731252
45.6178836
46.49176325
48.22680457
44.40226358
47.59603383
48.37580113
45.35145057
45.30735405
43.87710053
48.97349787
47.63056984
45.67517492
46.18673485
44.10704925
44.77512207
44.72620649
43.89826488
48.41823823
48.82159926
46.38852554
47.38833972
48.28590454
47.88945291
45.61123987
47.91853335
46.7267715
47.52902787
47.12216155
46.22785329
47.5322963
44.19752737
43.41488209
46.45946219
46.96228686
44.73741667
48.72378817
44.73223519
47.59025479
44.20036018
46.78548588
45.63673014
48.42114671
46.0425899
44.22471427
47.0109806
48.77805729
44.56365553
43.42577387
47.07791593
47.46543355
45.19285907
46.93302694
46.78516061
44.42966012
48.39128688
48.471512
46.92808556
44.34428891
45.34021812
44.45669254
48.46770026
44.25338949
46.59321764
44.42908255
45.78776636
44.89845329
48.12028834
46.90354976
45.98658813
45.59709131
47.61084149
47.39651514
44.7068484
46.38584577
47.70583202
46.89784284
44.60707934
47.02657217
44.85191183
49.06596676
44.87700753
47.6957038
48.14823135
43.79727369
46.27935004
46.20858169
46.05053435
47.74799027
44.69435308
43.84396081
47.23432947
47.69183121
45.18952468
44.06592963
45.10148393
46.88374434
44.6449333
43.62902548
46.24037459
46.07687568
43.96177483
43.3567955
47.02143894
43.90325427
47.83715561
46.61574357
46.02551373
43.74384126
47.98625593
48.46847215
48.69781821
43.90831314
44.44211162
43.62376058
45.73801795
45.02383512
44.54754362
43.97569474
46.0660087
46.02497075
47.48575568
43.52116195
47.57097159
44.75748826
47.41025491
44.46802921
48.22042204
47.78532119
46.3004599
46.62886277
43.67549636
46.26901595
47.44952692
46.85566482
45.26027324
45.64673672
45.2918145
48.5681229
48.20733956
48.19911218
49.01599551
45.01231826
47.00708001
44.60180507
48.7334108
43.8120816
47.32000789
45.24005118
48.56587563
45.98457006
44.72147538
44.18531153
45.3037341
48.92328222
46.35009224
47.56157254
44.95743174
43.91850215
46.26855194
46.02337244
44.33454951
48.40531816
46.99112799
48.14765298
44.17695093
45.25269349
46.85768714
46.38173016
48.96442721
45.59751258
47.65837512
45.91335179
47.73687238
46.83027865
45.73159142
47.43513227
47.64290243
45.33674271
44.76733446
43.97595789
46.5304917
47.78246498
46.064003
45.59856899
46.04668078
44.29248414
45.90957056
48.12212223
48.46080038
48.55635945
46.98668397
47.52329132
44.0484509
44.14676783
48.35193734
43.8595676
48.01717452
45.27415055
46.73597093
46.15526795
45.16165509
45.38831664
48.06703612
46.63805539
46.09138641
44.9085114
48.53526151
45.94701825
49.01390921
47.57946961
43.7078328
47.62068324
45.54802756
48.75669709
44.5033558
45.54398893
47.84622252
45.2067684
43.644306
47.03217189
43.58062095
45.62867004
44.96650103
45.75159924
45.51943325
47.80416747
48.13361958
48.9935831
45.79747989
48.36483816
46.92334528
48.41394007
46.89851217
45.48375025
45.59804324
45.58545402
46.95392948
46.56534588
45.11795709
47.38990547
47.99968936
46.91780995
45.06073297
46.97470218
47.25001222
45.14188383
47.44386865
47.65041578
45.64670273
47.67110497
44.58589061
44.04857828
45.53570984
46.28449961
45.19719594
47.42004237
46.02967092
47.72132075
47.43972902
48.75812501
46.70821642
43.73984102
45.60291554
47.97621556
46.51627938
48.31087472
47.76181959
46.95858349
45.68869976
48.73289187
45.84418684
45.30721726
47.03682972
46.81180045
47.23940985
44.19021629
45.05125117
46.32384486
45.51432607
44.87292401
45.42061591
47.26209898
44.47274283
45.70955124
48.36975786
44.69184284
45.71181705
47.30979697
48.18305648
45.32737907
44.64348046
48.58352633
48.60210138
44.56624802
44.25085617
45.23795448
45.09304316
46.69277117
45.02727714
46.31094785
45.01887422
46.03378052
48.6400351
47.63676861
44.86115348
44.83820164
47.09347142
47.21043353
47.53167525
45.26269167
47.1372325
47.91573686
46.12247012
44.65457538
48.25315289
45.64605187
47.79198566
44.70053078
48.89642116
48.07342955
46.16964158
47.30488389
47.52652219
47.41549845
45.94694234
45.98714842
44.19116433
48.06903692
46.35117217
45.7681967
47.01599056
46.10027859
46.67918739
47.87825289
43.98826676
43.88903891
44.15120911
46.11481434
47.15625947
45.81810485
47.64815702
47.47683002
44.51960054
47.92800212
47.70264969
43.58650343
44.60971636
47.49072662
45.55047949
46.51521556
48.93061157
44.34185902
43.52938085
45.83873754
45.42006809
45.34873595
46.77280811
46.27885165
47.21116601
45.88369238
47.61068332
46.20755535
45.54561666
46.84801262
48.31935655
46.96274621
48.10080795
45.54106001
46.58462692
49.03547167
46.06475866
46.47986984
46.89910685
47.64737696
44.49718807
47.18606688
45.7139002
48.21502967
43.63445945
45.65027236
47.92489243
44.51882885
45.36145909
46.60171389
43.57958678
49.07206557
44.61248905
46.67991129
45.1368593