-95.71289100000001
-104.96541455
-102.54096596
-91.76715608
-110.8321294
-81.03440018
-89.21441751
-106.85024172
-78.05505095
-98.72319148
-90.49489835
-85.02889948
-102.32591402
-105.68789914
-75.88693308
-93.0823489
-91.88461004
-93.5407544
-83.54713504
-82.44623902
-98.00527829
-97.25202954
-86.01299921
-105.95610368
-88.02455708
-88.11656097
-85.45666299
-108.14471006
-93.40856944
-99.3688272
-98.00242051
-86.60908073
-116.10107654
-86.88903339
-96.05178575
-105.1570349
-101.5882694
-85.53979645
-85.23483763
-106.82184843
-78.67605317
-100.56927438
-111.49674125
-99.49150081
-92.53391352
-85.43936589
-99.13856326
-111.29115771
-81.66310007
-103.26546241
-84.59615216
-108.17590046
-108.08865067
-75.77024019
-79.65048926
-98.43794368
-76.2825296
-86.77585295
-95.77688583
-114.36513809
-78.13174945
-89.76960393
-102.84528682
-80.20132808
-94.37100716
-110.46256953
-104.75602559
-90.45844544
-84.25699462
-89.37772269
-74.6806889
-109.34988583
-101.6777051
-101.22726359
-114.44905581
-98.47469707
-113.1941459
-79.74632643
-106.71277083
-92.16853103
-90.10106339
-99.78215538
-108.41423341
-87.5744302
-114.2695939
-90.20676635
-87.28137237
-82.1518924
-93.38351249
-98.25849213
-90.26813874
-107.24898352
-93.7170302
-95.36500998
-95.50612904
-81.20319301
-91.61433049
-83.82563262
-92.36441442
-103.03860148
-106.19679995
-79.25846875
-84.17225649
-98.40857961
-102.4661454
-94.95613403
-77.48357039
-85.39492041
-107.22022912
-111.40231014
-89.19306374
-77.3842198
-101.83510351
-87.97666881
-113.37687639
-111.81705542
-97.68400517
-88.94707727
-98.14143283
-78.82578178
-86.52269378
-101.91137956
-104.46984721
-89.24454188
-110.06298019
-112.46430044
-110.31649727
-90.35343078
-99.1797924
-112.79688549
-83.30622867
-101.43431771
-106.65488879
-108.0374882
-92.09783155
-90.31561946
-110.97542798
-94.08759033
-75.80466525
-76.85494104
-104.57862449
-98.01307323
-95.33581038
-79.0882037
-100.6049143
-107.60821224
-103.42815153
-111.3991416
-104.43355919
-86.94553171
-102.42705676
-99.26103003
-91.21403173
-111.52106426
-77.78145643
-100.50739942
-80.7503803
-102.14513777
-92.62441319
-80.38248389
-115.75491758
-76.95914524
-100.65044224
-102.5160347
-94.47318247
-80.60673591
-87.46123668
-107.49181511
-94.25305695
-76.45514184
-83.89775468
-80.59291653
-76.10731332
-102.29905588
-108.67454148
-92.54815474
-113.48660793
-111.63589557
-77.92309357
-84.8617403
-85.81578849
-88.77179915
-77.6918166
-100.99645804
-114.20577465
-86.75898205
-92.96547829
-81.16359223
-102.64244176
-84.23404049
-103.96890337
-107.05919316
-108.63372733
-106.2949818
-109.51856446
-92.7677564
-100.93303178
-96.38333944
-85.04729996
-77.27370387
-94.21884733
-76.6323293
-86.22520899
-103.05288322
-75.94089361
-84.83827121
-87.74074886
-82.56416341
-95.95660378
-87.39284725
-99.43418758
-95.79916749
-110.03606438
-94.53154992
-75.64944632
-78.66476136
-115.57560838
-103.64764532
-109.7200737
-87.22525768
-109.83071844
-94.2066821
-73.84066724
-86.77367388
-82.78518362
-114.8563938
-110.14678213
-110.22514771
-115.08604213
-80.90052711
-101.12636534
-87.54033294
-101.80597932
-82.93633879
-89.22598978
-103.25707994
-104.76625255
-110.29650192
-92.46273933
-113.40844912
-91.60144775
-106.06423061
-112.93951425
-80.99599932
-114.62788157
-91.92352478
-95.63953694
-110.92464646
-107.11587556
-86.40651476
-111.3787155
-79.61468408
-97.00884856
-107.88800904
-95.41635714
-116.52087887
-106.04427089
-97.20989245
-87.98270901
-91.19664382
-81.64517317
-116.15405774
-104.83919628
-84.80128509
-100.69362798
-74.97231815
-105.03874563
-95.13817444
-94.61826691
-84.31144065
-115.84460415
-107.94281195
-101.47769329
-90.39822588
-97.23049925
-103.40935421
-86.01621386
-103.7385236
-96.89446731
-83.87187201
-107.10320372
-82.09832539
-82.71253111
-111.25445046
-82.0024797
-92.23459105
-81.44439324
-90.67077433
-110.83516953
-79.38320731
-103.02021135
-103.35272648
-79.21659148
-101.11687277
-115.56001553
-89.92457584
-116.29512909
-99.94185357
-114.85397074
-101.09427514
-96.85561534
-83.26524433
-108.50698755
-105.14043697
-107.66217764
-100.42901076
-85.64473132
-106.64953709
-85.76104147
-90.914841
-82.59515313
-107.66561156
-84.97581568
-111.09271345
-85.75262967
-112.71350678
-109.59996595
-116.32944355
-91.70475269
-109.21816815
-81.51993174
-85.94107862
-108.44692365
-86.35095552
-100.78710561
-100.42078236
-100.03318452
-101.88692487
-75.8997496
-93.40130845
-98.11092426
-104.86405666
-102.44839175
-110.56194372
-87.47651343
-109.15345188
-85.40053229
-91.53609399
-107.84129804
-111.35988438
-83.19207362
-76.95207246
-92.50107694
-117.5154669
-88.87242371
-103.70983749
-100.80184835
-100.13634458
-86.37676279
-102.77945081
-104.72827613
-110.42909791
-86.31016502
-91.45710293
-84.54437509
-84.30228812
-104.12535709
-110.63833036
-110.62969852
-85.50528805
-111.45094313
-104.20142531
-95.98250807
-114.61549703
-91.14668459
-85.72550463
-87.01079395
-111.66279402
-85.84925703
-90.61010064
-87.06737673
-101.14276462
-79.03609825
-110.31451264
-99.97351353
-98.93703215
-95.88782028
-104.50513012
-116.67589342
-83.37718065
-112.4840964
-98.70657347
-81.08970932
-88.19715714
-80.09896579
-82.47634632
-91.01652747
-89.36048124
-89.4818765
-79.72189161
-89.23696529
-114.94682723
-77.00873327
-92.0592146
-78.17757352
-88.88345276
-74.09530987
-96.83337263
-83.71537092
-74.51345933
-92.15091606
-98.05504852
-102.36394602
-97.11393576
-98.87875177
-92.67443081
-112.21349563
-88.745581
-103.13562886
-85.02725694
-87.76306168
-91.15714007
-97.55781408
-106.02324544
-94.85897906
-94.22049439
-106.51791526
-111.46863602
-111.72749365
-85.73725725
-80.84053759
-90.19910313
-106.05994848
-96.82000734
-85.96306219
-110.46265671
-92.40854199
-108.37350164
-84.49095136
-89.84660957
-86.77322778
-102.08561701
-116.96318261
-113.16624785
-76.82880964
-103.18970682
-108.39726892
-88.54922734
-113.84744482
-88.39122029
-84.42072567
-86.55657762
-103.51286672
-105.95268152
-93.7791932
-79.8191169
-84.44437026
-104.34149098
-110.72614537
-78.55095349
-108.96420605
-96.26636433
-99.47733638
-104.83226795
-107.6142922
-103.07226376
-98.78595152
-97.90340055
-101.89143625
-102.65609985
-87.3558094
-84.4548207
-94.57761109
-107.09828089
-79.99681949
-102.51151841
-82.677962
-87.77926754
-91.13214548
-85.94717196
-109.08160755
-106.8454951
-78.91993688
-83.57668051
-84.59612676
-110.03906279
-113.40995224
-93.48304696
-104.22683139
-91.09343372
-82.75745794
-91.85207079
-101.05130952
-95.66827731
-97.89967776
-75.41374336
-111.5335308
-108.80950748
-97.36087419
-83.92323026
-76.48160906
-111.64864917
-91.73011822
-113.19294149
-110.31168284
-93.42520552
-101.68764259
-102.27614521
-110.52920462
-95.77575341
-91.92695895
-102.08312538
-104.61820986
-92.90649352
-85.2898231
-95.69846846
-77.39083839
-77.10992012
-101.55465747
-79.75803012
-98.46054286
-117.07905185
-114.84283692
-75.51208495
-76.7627121
-113.45598559
-107.47710194
-112.98880041
-106.83431515
-116.18388185
-108.51111583
-110.7996386
-96.90162353
-82.11636368
-92.71564951
-75.94102072
-106.93129573
-81.2556034
-102.72875026
-90.25162795
-90.47600068
-107.15504712
-91.16084278
-76.80332253
-103.86451448
-90.70608859
-107.11358168
-93.49601892
-97.98311861
-96.59185762
-111.50583599
-113.83298954
-106.49909732
-105.31318758
-115.61005157
-93.37929443
-97.89383223
-79.94082995
-80.42275115
-93.27822522
-110.55451141
-83.34511336
-101.3841638
-78.93089119
-97.73353566
-99.21688274
-93.87871864
-82.80513865
-113.38494072
-98.83333424
-81.66977033
-90.67545336
-101.48992275
-78.51643079
-98.55190848
-95.38234736
-109.75038498
-101.90052673
-89.8554267
-91.02684947
-109.44613308
-81.49471722
-111.23623527
-85.2928254
-108.77513798
-93.29366001
-79.2705145
-82.74476253
-108.42832347
-98.16725637
-100.44549838
-80.38082298
-103.73762027
-92.86410919
-87.70841517
-80.55750062
-89.19571468
-110.22981809
-87.45818207
-82.3358853
-80.48448012
-87.68367587
-90.20061538
-93.27015569
-83.67287651
-88.73760383
-104.4981009
-97.71229926
-94.91981776
-102.97648727
-104.09789584
-100.25794211
-117.23442609
-106.13130562
-96.59428532
-108.02397405
-90.74914022
-106.13763686
-87.71132062
-111.7890558
-99.32324276
-78.93747607
-84.39943576
-87.87731237
-90.45470735
-88.68376359
-106.66912108
-88.72247164
-99.50639463
-93.43085822
-88.41838898
-108.97801413
-82.33577455
-102.65043892
-96.14455067
-101.89916306
-85.73152621
-103.07264732
-101.80614893
-85.6808291
-87.26017845
-109.48696757
-92.39145158
-91.2138584
-106.92589922
-100.63847367
-82.86307686
-102.82177776
-86.16360863
-104.80012513
-100.38357346
-111.34514813
-99.95013104
-102.74595749
-107.29418589
-115.51521985
-110.00689462
-113.42916097
-107.08866818
-89.60030966
-97.38546013
-103.87049821
-103.91539739
-83.09453753
-90.66839184
-90.99568797
-100.48463147
-83.77515387
-90.89669071
-82.18242626
-100.22201375
-96.14308376
-104.18846595
-95.01024008
-104.61947361
-103.9612965
-85.80161884
-91.83555065
-103.21270544
-107.13785306
-101.3994742
-91.9974967
-79.5723707
-79.88966674
-101.09682011
-92.44980739
-99.41391393
-85.66476004
-79.9796306
-98.38251357
-85.6338652
-102.36739838
-88.76038544
-75.44367086
-90.7060057
-97.03127737
-113.38213852
-79.88253713
-102.41915653
-92.74466108
-89.9843233
-91.99510875
-99.63022363
-81.58756821
-92.56946652
-101.92546962
-98.71507188
-77.89836417
-84.01572569
-94.95284596
-79.93357684
-86.25120205
-86.02348086
-117.17319801
-89.80605067
-101.38989589
-101.30699255
-110.6336211
-87.81883429
-109.47545718
-104.5295585
-113.73023525
-101.55116024
-89.49335473
-92.36949975
-102.4953195
-89.29805375
-73.75891773
-103.77562929
-110.38012534
-93.55770586
-103.52333778
-92.85424994
-95.53902375
-93.13512071
-98.8037166
-87.24176183
-106.52715481
-88.47294338
-90.96997404
-83.38439462
-93.82420252
-88.72398953
-77.03468416
-88.48282886
-106.82396718
-108.71119944
-89.47952002
-90.70428811
-85.28269344
-88.1804409
-79.85046214
-89.10564313
-111.63459076
-88.08779544
-103.22187779
-108.26257982
-99.82954111
-97.86486987
-106.70156805
-80.7422779
-100.54873412
-100.77812032
-113.21946049
-100.60312472
-90.63098352
-86.17183214
-105.74657882
-84.29793171
-100.57096642
-106.14128007
-99.12076488
-94.84966143
-103.21977007
-83.18519654
-77.81524092
-104.56818928
-86.3055836
-110.61487449
-112.7328325
-80.64848851
-89.76864197
-99.30162832
-105.6464213
-101.38149847
-104.0623376
-93.96023265
-110.88023374
-90.27769306
-81.18139039
-89.99740594
-82.64491518
-81.74523511
-86.47445531
-94.36404605
-87.7316569
-100.24967371
-88.23500646
-109.90135055
-102.94737101
-86.67027524
-83.99375072
-115.34904338
-92.56780085
-106.57944035
-114.16746863
-95.24870705
-102.38350738
-112.19234598
-106.02331394
-107.43946558
-114.70197281
-92.29578595
-84.18053648
-105.36836481
-114.72337342
-110.14122181
-104.0588871
-101.22385203
-104.45106595
-86.38782286
-90.12680352
-91.62371543
-115.86164023
-96.71343849
-83.91446766
-111.01941514
-91.45223544
-89.79948167
-107.28289434
-90.67145701
-103.0347621
-77.79828974
-106.11568514
-105.20431672
-99.98158814
-110.09224977
-105.52535796
-83.1466083
-96.16432673
-77.88930949
-95.2688771
-87.59462508
-102.09163187
-85.76331279
-110.1517452
-102.87151405
-83.57411323
-115.88562551
-86.66034227
-110.61058922
-91.46971294
-95.09133138
-104.04859762
-79.92812236
-103.88552135
-112.40736343
-74.94649905
-108.00023463
-85.69279285
-98.74880225
-108.99060886
-91.93752209
-87.4580023
-107.51577888
-100.23016341
-109.64175637
-95.9958877
-90.11243244
-112.22631037
-91.50766775
-101.83488522
-85.27407096
-106.37200251
-85.29471763
-86.08736286
-87.36945083
-76.45690732
-85.72349467
-93.39061471
-81.45062719
-99.5997363
-109.87683829
-82.40849122
-89.97881072
-88.71246071
-106.98552932
-97.5070312
-88.11947651
-113.04858394
-95.76461374
-108.93139405
-102.89558164
-115.64599229
-108.18378585
-105.86047277
-110.20265337
-83.93524122
-86.39877837
-100.95400714
-84.91973192
-92.04023606
-114.44137324
-95.52676393
-89.36120403
-94.30990938
-107.16099097
-84.56190494
-93.32054326
-84.24624285
-98.99711114
-95.4567985
-97.11114105
-112.15691073
-112.52483066
-93.80865655
-88.90318576
-95.88711484
-73.95765458
-86.17664928
-90.16793221
-94.40149495
-78.98003005
-89.61808384
-91.94352859
-110.0534285
-104.94470934
-85.2138548
-95.40498613
-85.26947804
-89.20332305
-114.93490215
-100.75595258
-79.10387634
-83.27795458
-96.79138045
-102.544333
-109.00463738
-105.82353975
-100.11678368
-100.03498447
-90.31313347
-114.40157956
-88.16182022
-77.02642257
-76.36798003
-109.16172744
-114.45971007
-89.12056366
-89.34865273
-95.47525218
-78.93511231
-74.96467315
-110.86318296
-104.45202224
-96.17393777
-101.04161703
-96.07373739
-83.52926708
-95.7034984
-80.3109675
-115.2336745
-93.04317045
-91.66370498
-89.34379491
-96.40425087
-76.02554295
-83.54023169
-84.94321455
-105.91653961
-99.50861528
-88.86862753
-103.21246352
-104.04119353
-91.44724818
-102.62149478
-101.9373841
-95.39913599
-111.03157556
-109.88915069
-89.07660438
-101.67131679
-91.4771726
-101.7856873
-100.45071561
-93.39765384
-110.22897501
-100.61160231
-94.60275991
-84.21845204
-93.34795302
-97.95385321
-76.56504852
-104.61366521
-102.13157949
-94.28012458
-80.56344233
-79.53675193
-94.73640978
-99.1346136
-110.60051076
-107.64197233
-81.68595489
-80.55689953
-98.10810873
-92.4549975
-99.18953875
-86.06786578
-102.26243565
-111.92476598
-101.24653493
-82.3455606
-82.9632088
-90.90545077
-109.20878632
-95.4347719
-110.98994686
-99.32490936
-106.14104769
-89.66535879
-102.47932955
-95.81383488
-102.806906
-93.02148196
-101.21584739
-104.45507138
-94.45585923
-90.78458574
-111.75001426
-92.54336596
-101.28842779
-102.74967988
-74.91748146
-110.14296781
-90.7729475
-102.34211222
-87.38713581
-84.07801842
-102.00858347
-93.39484155
-95.98044592
-117.03621607
-97.46904541
-87.2923304
-104.48411485
-75.33992331
-75.66942746
-78.32356093
-80.13658589
-95.37384883
-91.55037802
-106.14061168
-105.49830005
-97.3756713
-101.29479426
-100.6340182
-101.8870215
-75.39180541
-111.27664535
-86.47759342
-83.29802555
-100.77438159
-80.97723489
-109.12478813
-94.69461061
-75.79991781
-94.24729182
-97.5284119
-74.86841685
-84.82698906
-106.3414031
-79.61575911
-78.77351876
-90.73860826
-101.6972697
-99.23146262
-113.82267983
-101.58734564
-114.33422133
-96.54162148
-84.13836177
-98.38912622
-104.56028582
-109.10952173
-100.19732678
-86.41894782
-105.73521188
-93.83531818
-80.7257109
-85.04808508
-87.11846118
-113.36987901
-79.00358186
-88.00211923
-87.23343645
-102.78111575
-80.42294179
-98.7678607
-96.5522941
-93.56908962
-105.21682713
-84.82177387
-93.28323875
-91.49937839
-77.95740613
-113.44609656
-106.46462424
-99.98841682
-97.4017878
-78.34768656
-99.5627255
-88.24146993
-77.39323264
-102.18444434
-95.03863284
-99.35602115
-102.58464323
-88.19628811
-98.57880452
-81.40133262
-95.88427464
-88.30123529
-90.08975058
-90.76871355
-100.65871857
-99.2552686
-104.74063299
-85.75723706
-89.76569697
-96.73047481
-91.19531061
-87.49273355
-99.0136942
-95.72393635
-81.14831404
-107.68526744
-92.91131965
-76.36392458
-87.6309762
-108.79674538
-108.88864223
-105.29257675
-83.80666884
-77.68152521
-86.58304743
-86.66135997
-74.16968127
-74.59147106
-88.79228269
-101.35221254
-99.50087435
-101.66100817
-79.7845326
-101.2715735
-102.10669497
-90.7330263
-115.10347848
-86.032472
-76.38079799
-95.39718505
-93.94433429
-97.08350815
-99.79806185
-85.44802177
-87.04824626
-83.56947372
-100.15017568
-80.22069704
-84.05054957
-110.52005015
-115.6835141
-85.32900901
-90.6820965
-115.07552626
-75.9855483
-97.6239169
-87.61985338
-109.49886886
-117.41988499
-77.48143532
-95.75775312
-97.67731055
-99.76689329
-113.46451375
-84.21531687
-110.03530119
-93.86720109
-78.47699072
-99.55041771
-91.09676655
-99.46731388
-105.71306034
-112.78824444
-90.82851794
-81.95468685
-102.2792483
-91.11184599
-104.34771977
-102.12132609
-98.32716175
-86.8255312
-84.23669069
-81.53969576
-91.60353543
-81.97636631
-100.43214336
-95.79519763
-83.95719722
-102.79101914
-103.38484512
-113.29154077
-76.27412446
-88.28949836
-88.19271049
-115.56712966
-99.88441097
-103.25836849
-94.56044517
-104.47500463
-107.44900655
-84.79096506
-91.78476159
-79.99411855
-80.74686299
-77.14999074
-95.95212918
-89.26500771
-90.31938434
-87.22303821
-92.01260183
-90.82477018
-109.22325493
-92.02945467
-94.98825211
-92.58632147
-74.1578557
-80.36355274
-105.85085355
-98.51859342
-89.48248287
-96.10848515
-87.32762183
-99.90867315
-86.62013983
-111.85719857
-103.3105517
-109.95978313
-104.12058122
-109.7434667
-92.92317717
-103.49582
-107.64281416
-112.47010664
-87.31635466
-87.79265196
-106.55628547
-80.43769285
-112.57746477
-92.47807944
-88.71295841
-86.99183097
-88.557143
-82.33345641
-76.89998571
-101.74912697
-103.02926998
-92.24831423
-88.69679614
-92.54023356
-105.68104556
-83.02336344
-90.41510988
-91.24853927
-86.56319373
-79.36013053
-99.49132335
-87.34779874
-115.59642341
-103.44070764
-83.48968827
-98.65095362
-107.56550644
-94.25819982
-104.13139926
-86.31671839
-79.80619637
-109.93815705
-92.13703788
-96.46261781
-83.54845318
-101.142606
-99.54002621
-86.8755642
-107.62130278
-87.25287626
-115.50297742
-89.62877913
-95.35848094
-99.84942186
-111.30450649
-112.07219702
-78.40909143
-113.89741493
-98.42881433
-80.60213704
-96.77270717
-107.55627806
-94.8565984
-113.75348587
-99.24905705
-81.71382576
-79.51184056
-110.95047133
-77.53168205
-78.42522246
-90.32457115
-94.23256798
-112.44913571
-107.17376485
-87.34800525
-100.20749575
-89.69821589
-101.44713964
-100.64439401
-99.98989555
-102.27406934
-110.59381572
-81.34131761
-75.85092366
-102.29332194
-98.17249007
-105.51557349
-108.70278379
-96.01369693
-98.94438922
-94.34531605
-84.91074693
-90.1836261
-92.36907875
-96.77183912
-84.63410621
-75.43521231
-109.37795578
-92.0232245
-99.2662326
-115.34898266
-90.09216281
-96.98036204
-85.09570921
-94.04893154
-97.10752358
-92.60916143
-116.75507755
-79.49333591
-92.32974305
-86.94296695
-116.65259368
-90.62736745
-96.51345712
-77.76350456
-92.86769917
-83.27154381
-105.9030576
-76.03614229
-85.91811396
-108.68973947
-96.04044684
-87.00002701
-102.41582837
-76.74459044
-76.77245616
-102.50345762
-102.99236227
-116.26627961
-80.69447402
-95.81017263
-115.45461555
-85.85349714
-93.29305602
-96.22701956
-94.38489551
-107.57234235
-86.73779027
-79.90508379
-93.25196162
-90.9263822
-106.45165021
-89.48289216
-88.45617809
-87.23901183
-110.62555074
-83.04444267
-106.333882
-82.77262544
-80.08210649
-93.60417142
-102.44234284
-109.95462221
-110.13473085
-90.99072488
-105.45766239
-92.27779207
-94.24123049
-97.27891351
-110.51676815
-81.67903522
-113.99230704
-82.2386081
-107.24131384
-79.12668307
-102.82791993
-83.68694933
-95.58992781
-113.83921262
-90.51194421
-84.75854473
-76.66654449
-93.17887751
-107.59122104
-76.67527498
-104.95705908
-95.30581259
-92.49417418
-111.0679449
-100.40612423
-115.06617342
-102.45572876
-96.7982616
-79.33144848
-97.32683257
-87.84651173
-100.12418375
-97.78477531
-100.1380777
-95.55803096
-91.96925513
-101.47744029
-99.64942633
-91.96673856
-95.52799178
-107.24019965
-92.69795503
-103.56383967
-83.33352024
-87.87170767
-86.27519422
-84.09156779
-103.5839785
-107.60172491
-82.91964772
-87.70544064
-111.83786063
-97.2329431
-76.09021587
-109.39440479
-97.05941275
-89.06727818
-92.07017605
-102.93528126
-81.57864429
-85.45304929
-96.35278077
-108.15325111
-78.78275039
-99.78498776
-111.79006005
-95.53514144
-91.83694692
-114.72570964
-102.39336353
-93.10658789
-111.82676384
-104.59076909
-82.3423902
-87.61415609
-105.31478774
-106.68024304
-90.53190847
-108.54969303
-104.12540501
-103.58090038
-81.27049193
-96.54652262
-113.8357357
-99.90052291
-102.73371217
-79.22418002
-81.84066617
-75.42093178
-103.4310171
-116.10535589
-107.5577366
-92.93942015
-110.20118512
-110.96811401
-111.62266529
-75.66608888
-103.52528532
-93.80735191
-99.61831872
-89.44382743
-113.25433261
-102.79519834
-110.60279263
-77.27002625
-106.2243833
-76.47797796
-107.16523349
-98.98017915
-82.32340425
-93.10822491
-84.47351164
-81.47089733
-85.84967656
-110.35220252
-109.78376994
-92.1010202
-89.09946424
-77.64908693
-84.77918245
-81.38031925
-100.15491281
-100.80336237
-104.49829148
-111.31558912
-96.38209281
-77.10758683
-85.12161079
-101.73014752
-97.68563829
-107.58776364
-75.05427795
-95.78470829
-105.89853891
-106.62601258
-95.70295283
-97.69612351
-84.87971906
-93.71259963
-90.28839399
-109.75823448
-83.19218585
-103.21420941
-105.51624541
-103.8721998
-111.34927117
-90.35416074
-78.6907932
-96.21425812
-114.4497769
-86.61335875
-85.51195672
-79.04069789
-111.18058815
-92.94856249
-103.66934535
-80.63122128
-81.08895027
-86.29926406
-93.44960331
-89.77776045
-96.1338411
-99.31360759
-91.20335873
-114.39077211
-113.43077008
-101.10895845
-77.51964164
-99.64846513
-88.52344349
-108.60238995
-86.79382386
-85.13116282
-104.97340082
-86.05882997
-99.40267499
-92.6994491
-80.74938437
-90.31094303
-109.16803092
-112.44505638
-87.78029389
-87.5130584
-106.06827443
-83.51459452
-103.54358135
-108.75004578
-102.25638633
-83.62866543
-102.54225464
-114.68792403
-96.51991035
-94.24764809
-92.54426069
-100.08934631
-83.96181815
-90.29614416
-102.02551129
-83.46619517
-96.7609912
-90.0612955
-86.30224285
-103.15469926
-93.89538448
-79.86134862
-107.14943315
-95.2997891
-80.90763141
-108.89772246
-87.52868714
-108.77757959
-114.7963607
-85.63153993
-90.8318657
-96.71551757
-86.04796874
-104.02679298
-82.66204932
-105.35852056
-82.27279613
-110.05380401
-87.545712
-92.28900794
-79.03278074
-93.27711826
-93.3808826
-100.72285823
-110.01606634
-92.18996482
-83.66949249
-99.98587465
-114.3802853
-107.63088399
-108.92137958
-116.40210003
-109.77194937
-82.91065348
-108.73506973
-99.80111143
-111.09923523
-104.37229639
-96.64997614
-109.53167293
-105.04685694
-95.41551574
-85.2321723
-107.46074469
-112.97220489
-109.59553693
-90.17673204
-84.81071966
-108.05227537
-91.55422216
-95.99171578
-91.34187073
-117.34668384
-114.1568562
-101.50473446
-94.9458525
-81.96184222
-89.16411858
-79.88177597
-102.66461445
-112.6957327
-99.80022891
-103.19101651
-74.04014665
-86.37747109
-96.75201443
-98.76272152
-109.7256756
-88.01852357
-89.55245376
-105.36080089
-113.61802758
-109.32884569
-98.00598312
-97.8068475
-90.08842082
-96.36068553
-110.62595956
-99.94180071
-86.81640245
-91.25623479
-111.06964165
-80.50172887
-76.57730568
-111.42627231
-103.68036082
-90.53245392
-103.25987915
-87.1251195
-98.47267713
-81.94034434
-100.0302823
-81.27394024
-99.91282993
-93.89864361
-76.08595981
-84.25209468
-88.2709757
-105.16512623
-108.91733748
-113.55821805
-102.15924955
-81.50105071
-104.02282048
-107.93323193
-113.96389479
-105.71056573
-103.14512293
-78.91025361
-88.79371547
-106.67678066
-83.51693611
-97.63151053
-87.06972974
-102.65413909
-100.59612514
-83.69291254
-87.35239416
-81.12546956
-102.69327319
-112.4874171
-98.4184025
-83.33894419
-98.66793501
-85.05213996
-114.48177191
-87.21244499
-104.31924963
-88.05631512
-87.61899722
-94.83769003
-89.08853304
-91.640015
-110.11912937
-90.29637085
-96.78269342
-100.18624254
-91.33251532
-92.87470581
-78.88052892
-91.18654177
-89.93516852
-89.3216311
-100.48500584
-94.22031953
-105.45882882
-103.59500437
-80.47973066
-97.63933792
-88.82810301
-113.95813677
-76.31614296
-91.60863273
-112.61288923
-98.91313938
-108.05566694
-93.57697375
-81.81724823
-110.34343539
-81.43759161
-96.51991801
-110.33588936
-87.46790554
-101.64999579
-99.64597212
-102.1780946
-112.416251
-86.85432562
-102.16228212
-101.6168574
-97.76995212
-93.62733122
-101.62176101
-93.04903237
-89.9797242
-109.44395129
-100.51073945
-86.03340655
-105.94048631
-74.68091918
-99.18700754
-98.54137357
-116.79149015
-74.91053469
-94.60278308
-86.10578994
-75.3830837
-84.01085439
-88.30903921
-88.79575386
-77.78575073
-115.20851793
-82.99033791
-108.48520355
-99.15108155
-105.37872207
-96.13576649
-103.06810892
-89.12757553
-77.68518713
-81.87205936
-97.18235293
-97.42315715
-86.68249838
-102.84330523
-108.81030579
-76.45397899
-90.84439968
-88.32105716
-77.06121114
-109.20070849
-108.46046563
-84.76017826
-90.81222432
-93.18923253
-110.47784653
-96.18319653
-106.74936093
-110.63882738
-85.62678941
-99.90793929
-84.40717516
-102.97059401
-115.50945291
-89.95989879
-96.73304202
-107.13471543
-93.15360236
-109.10265169
-92.02534069
-110.53649459
-112.15447235
-100.12376603
-82.20244575
-111.4014815
-109.45247029
-103.33513088
-106.23613054
-78.82196677
-84.62739262
-93.21519912
-103.7529206
-102.35705134
-75.53596521
-93.48035999
-100.7442532
-109.01717677
-102.12948751
-107.59473917
-114.56397692
-80.1392149
-108.47029238
-75.82139085
-98.22354423
-82.0069732
-95.60886324
-97.58531727
-91.23438969
-87.9348844
-104.88547794
-114.18997886
-80.50068764
-98.45010806
-82.73267449
-95.73522754
-106.32848141
-81.4267717
-92.46030289
-102.6848856
-108.53024949
-89.60932102
-115.32668363
-114.02318844
-108.82625341
-77.39075334
-91.89026567
-92.26415455
-86.46618804
-112.66288325
-100.1021707
-83.0904891
-100.53965671
-81.83763932
-81.71740213
-109.43888213
-82.36271009
-105.71100107
-80.8016045
-84.73678615
-102.7712841
-88.22760673
-101.27955513
-90.52903483
-86.84772611
-103.18048905
-111.49992129
-116.99765243
-94.03183047
-92.15001846
-83.58646729
-116.07260437
-101.64231626
-79.55333899
-77.71901905
-99.20256257
-107.78132008
-83.12888488
-110.89176658
-104.26178453
-97.86179814
-103.86140468
-87.3524632
-110.27560446
-86.7071782
-81.08934503
-93.89080428
-92.76753496
-103.69620095
-99.49812568
-115.63806839
-96.55596069
-86.60876795
-112.34090075
-84.53784091
-112.63430956
-85.60747758
-88.16445261
-104.46980842
-114.96866937
-90.69541509
-89.92316683
-81.97520423
-91.78022575
-93.99266757
-103.74642418
-83.15064608
-93.75327331
-91.71764214
-88.04467509
-112.44254869
-109.66168901
-87.22512114
-114.07768847
-92.57841723
-90.8846365
-92.83724236
-92.65826932
-102.1086699
-107.32282511
-88.691421
-85.55061053
-75.11703061
-91.39575905
-94.87583185
-110.40819329
-93.47573759
-116.23964721
-103.64978541
-93.62606159
-92.43306095
-90.74813795
-105.28039368
-82.86180772
-92.05227301
-90.67263212
-103.57221902
-84.24577558
-87.14364056
-108.37897415
-88.87676463
-89.33282424
-108.48763106
-87.20636403
-73.89240189
-107.83296233
-104.01584718
-93.92543963
-98.41459611
-111.13488986
-84.35390771
-101.14399051
-84.57580666
-105.23781931
-85.29023001
-86.24782664
-83.53872839
-85.22187908
-85.18349148
-77.68191092
-112.87820321
-103.71642952
-84.74900817
-88.36268891
-101.63967268
-94.86508256
-104.38095574
-79.85321828
-92.21142107
-88.11766403
-108.07078465
-94.7029498
-111.54573677
-104.46079262
-101.62316755
-94.73297753
-96.44808688
-90.43106649
-97.23112699
-107.37228518
-112.82237169
-95.92661588
-83.05914911
-83.09478779
-86.82358416
-104.37378071
-87.79029243
-115.71435401
-81.95250945
-102.88467753
-98.95015399
-85.24894154
-100.57389344
-113.80788602
-87.87040983
-101.84437604
-112.59621659
-89.65000347
-107.35410483
-102.59828957
-92.18459219
-110.55799074
-100.32694854
-80.73237854
-113.61978911
-92.85275837
-94.21412605
-106.35343238
-110.41272229
-112.94468822
-96.54397226
-116.07838493
-97.18835755
-91.26755312
-105.38230758
-101.23701287
-81.42800623
-92.67020807
-86.50085442
-82.68659547
-96.20200595
-77.29005945
-94.69009019
-89.97774466
-86.59766913
-106.39129045
-104.70467563
-110.26289005
-85.45046209
-99.4787067
-81.51399266
-116.61822926
-100.79610633
-103.74649622
-86.99966475
-81.22412992
-107.69348448
-80.28520677
-87.07422603
-86.42905063
-97.62159966
-101.59825434
-91.92891803
-85.01950516
-87.3482836
-89.5726266
-81.44828863
-109.71018357
-104.42712573
-83.77576688
-73.92274626
-105.09196979
-87.38417863
-104.48930019
-114.09058127
-106.49561675
-93.2662435
-79.16292751
-107.79859564
-100.42817306
-74.38398126
-83.93499009
-108.65446279
-90.32169566
-94.55483733
-74.5971463
-97.27499332
-100.80261648
-91.48687989
-107.34267367
-97.59628453
-113.22114242
-78.57664096
-88.83552742
-82.10816066
-89.57184465
-94.48915836
-89.31419803
-104.08333019
-96.1416427
-81.77574503
-88.32051292
-113.49094947
-114.18209145
-96.54076109
-88.99756814
-112.77323566
-108.06827767
-108.18103208
-99.29216665
-90.78530524
-81.73662764
-92.13470279
-93.20765641
-82.38451121
-107.38093793
-106.09797834
-103.29149654
-94.2107199
-88.26640448
-92.16290377
-115.87276387
-89.61633733
-77.46539598
-91.30475578
-101.5245343
-107.77496612
-106.81203822
-97.9774165
-86.14150845
-117.6736482
-99.55650726
-83.97854799
-81.09837516
-81.13097453
-109.85443083
-100.97139269
-86.55177333
-88.69233956
-95.27133972
-106.57719641
-85.22503809
-80.69564395
-101.56631591
-75.62273534
-114.2150751
-92.85723971
-88.80044674
-77.7865636
-79.91459058
-101.50950954
-84.29067865
-113.39497961
-101.80543077
-101.58225733
-96.76421709
-99.65585719
-92.60637658
-107.71172309
-87.00447639
-85.66509861
-95.34106568
-100.91560163
-78.8767058
-92.55468767
-79.71764143
-97.60775412
-114.94095843
-99.68580017
-88.50718487
-102.39062132
-81.0203363
-106.32899551
-104.10804824
-81.64698412
-90.0774501
-100.76485865
-100.78776396
-99.58930667
-84.18675269
-110.33320555
-100.83982276
-76.45201941
-82.62923738
-97.44633544
-106.33620741
-86.20971096
-80.02268722
-110.04708513
-106.22229349
-107.08085494
-106.58024986
-109.22095886
-113.12424922
-95.48339022
-88.58508897
-96.31100887
-99.45090643
-77.14398502
-111.78058689
-95.14833736
-78.71323426
-92.75799045
-96.59696513
-111.13212998
-87.08884933
-101.91585278
-101.8477335
-75.00024166
-104.2418568
-112.77026148
-92.50417248
-83.79192513
-83.71107761
-97.78908551
-108.59339472
-97.92528357
-92.64558955
-107.55212855
-108.98171986
-109.6031119
-101.78764548
-100.59659043
-79.99710843
-86.34476804
-100.98900137
-95.2556842
-98.52364507
-81.80289916
-88.23811349
-102.21016743
-90.20511453
-102.41521034
-102.21801591
-78.29283226
-95.0831032
-108.96056275
-104.88693486
-115.34369714
-103.26043106
-100.83463889
-115.77756521
-82.80497561
-94.61612629
-81.41082828
-108.80685668
-91.6228568
-86.85832056
-86.45050492
-83.54300307
-85.96203069
-100.9573377
-107.39546288
-103.29717154
-82.12524986
-108.1691401
-84.58600456
-106.10310798
-85.61513512
-85.12206993
-75.47088297
-91.41777915
-78.59131896
-114.47032479
-101.47046249
-92.77768163
-90.85880505
-77.54012342
-110.27388695
-87.99188224
-111.57167065
-86.98346664
-90.99648031
-84.06605423
-89.93481407
-83.31678919
-76.00886065
-84.93152318
-100.98741714
-86.59312295
-81.77325073
-103.2530048
-96.48851709
-76.33503529
-114.41826284
-96.45778646
-97.59436096
-97.80200028
-99.77692263
-100.95072874
-105.00527926
-83.37780989
-78.67341049
-101.41028622
-104.45294072
-75.97287459
-94.9593176
-84.57075779
-85.85566499
-85.00834004
-92.61513447
-107.90785382
-107.63848501
-108.65649428
-96.18172291
-88.48414515
-84.58601898
-80.4100063
-111.39901222
-104.28735518
-81.96562197
-76.07922359
-83.8484647
-111.62260627
-76.85946145
-107.44037295
-109.62397183
-95.9411839
-78.06590723
-75.2410631
-106.96494272
-96.5203751
-96.92217241
-89.42475406
-91.94837187
-75.48018805
-94.86978787
-86.35528798
-101.90554237
-89.80284337
-100.88691784
-97.01207638
-78.77225969
-107.89354374
-98.83455264
-80.71237657
-84.86568803
-97.15255841
-94.98954152
-93.60971914
-86.27748529
-103.44648804
-100.82997295
-78.21463806
-105.65963961
-109.96638113
-87.10476556
-106.6338009
-108.77094562
-79.70697369
-82.34198543
-108.30648029
-88.79856097
-88.83080496
-79.33740354
-81.9214699
-92.93990792
-75.34292744
-81.80618882
-94.31953393
-104.00367394
-81.4665175
-98.05292163
-111.41094083
-96.85313141
-104.17143301
-100.61809717
-106.88301637
-114.53242532
-86.63970848
-84.83883631
-77.16776242
-96.35481807
-98.48319019
-103.63818139
-91.78208587
-96.97066019
-103.21554132
-102.5641526
-100.63245041
-106.63548274
-88.63507236
-80.07646793
-74.54142
-83.3490645
-97.82638466
-98.01169721
-89.2326137
-94.20540128
-98.23932757
-83.57190955
-90.68538578
-99.76612934
-100.22051589
-76.69792589
-96.94209995
-85.96964425
-80.5127548
-80.49196883
-117.17634879
-115.33968044
-92.49753613
-87.08229615
-98.96357929
-89.08539919
-97.07731116
-98.2886138
-100.2270884
-100.02816806
-94.58183528
-91.57049056
-96.40134718
-95.29332552
-104.82381909
-96.08824589
-107.36129788
-112.66418027
-109.94329222
-96.4847006
-104.19994975
-98.19374175
-91.26040313
-101.40942471
-78.1893121
-86.1717571
-88.60677164
-78.18967611
-98.61060947
-109.97856512
-114.00206899
-106.75100271
-112.80074541
-87.23701131
-89.0106314
-109.17759669
-104.42257309
-93.34996059
-82.1348797
-109.09252009
-79.86145688
-98.27467356
-89.49400662
-115.41512194
-97.49562685
-92.969048
-113.54412481
-87.83340017
-112.05704398
-86.55600494
-103.59183396
-83.85295998
-97.07532999
-109.30157095
-95.61562178
-88.52015194
-108.71953461
-103.1185019
-113.00364683
-83.62875411
-105.80084569
-79.66596162
-109.53869912
-112.29589306
-107.32897638
-78.81438899
-111.18269999
-79.81319564
-84.66401375
-105.94362201
-115.78987032
-112.13665845
-93.97347749
-82.91763302
-104.62354267
-87.91306875
-98.07768294
-92.80364334
-86.5309441
-103.17715648
-78.64526949
-109.05799187
-87.40766179
-93.85811881
-116.02759496
-112.6470874
-81.41202781
-106.69666872
-97.60536313
-112.69599855
-104.76395114
-97.36802538
-98.52885784
-107.43111662
-107.7593244
-93.05510616
-100.74695381
-87.04485388
-78.47111953
-96.55740821
-94.61059192
-78.99266717
-83.34326819
-97.25785692
-93.95973723
-96.06028882
-79.80534274
-106.7639617
-107.43738193
-93.43294203
-92.90378751
-106.96937285
-102.38164677
-109.75375936
-101.97622948
-83.17129447
-105.86569667
-81.45817627
-94.23587489
-100.52327681
-102.81196127
-89.95735894
-78.57162524
-85.64581458
-76.23802904
-85.35055515
-100.14549663
-90.69461637
-101.26978792
-104.08742769
-101.94138509
-92.3592174
-88.96089243
-111.62313614
-107.08149341
-100.43737203
-93.34652418
-114.98901372
-74.36561453
-87.24617317
-93.66301698
-87.98336441
-116.50753341
-75.001688
-91.48651744
-77.21454611
-102.5942325
-93.50045723
-88.34040318
-93.27510073
-74.24291304
-85.55179317
-74.49659277
-88.95081174
-88.91201647
-81.65782638
-103.4186437
-96.92945974
-110.86455852
-95.6612592
-86.40958042
-111.3268956
-83.34284273
-106.04431495
-102.26941404
-94.41801091
-100.11759338
-89.22121232
-81.66132766
-89.2929951
-86.61693661
-102.07368448
-81.69764231
-107.41737566
-80.08034734
-91.88482977
-99.98678781
-79.72980158
-89.13420965
-80.54285273
-92.67209425
-91.40767024
-95.64516446
-82.76951268
-87.14231979
-86.1413239
-106.14063196
-76.69875092
-89.68405869
-87.51758303
-109.99081469
-87.71655875
-94.30059424
-98.09062343
-96.92631795
-78.93653214
-111.99490439
-75.40162348
-112.68671276
-117.14561165
-115.52562363
-100.65022862
-115.9950353
-78.08857516
-77.42436498
-101.47160046
-77.0046509
-93.45631837
-82.83799055
-87.05155763
-112.09373932
-84.04721395
-112.77642148
-115.39675512
-96.95971178
-83.79833192
-102.79934428
-95.1763656
-102.86443783
-90.44144589
-94.60754149
-93.87493567
-90.76937493
-88.16037694
-101.84751244
-105.82645063
-99.35363883
-91.08560274
-100.2841549
-97.26747552
-91.35751589
-75.44333029
-86.85955048
-80.46232982
-106.64675121
-104.7057149
-91.30446167
-77.34722361
-107.67279659
-85.15698543
-105.92092329
-89.26031612
-106.23802842
-107.49626097
-98.53207619
-81.71418168
-75.87804571
-85.5258295
-96.53400699
-93.95169999
-82.817562
-113.59442498
-101.8627272
-76.0988345
-110.38867787
-105.66940176
-75.21517966
-93.73701976
-102.68429993
-88.18711656
-91.25168858
-97.04549834
-108.01451768
-104.26727244
-102.16393399
-112.05311644
-103.99957953
-89.85975057
-98.80109508
-87.86005296
-107.92864686
-108.85872758
-112.77775916
-100.78020481
-97.33473612
-106.96887107
-84.53400171
-85.65033937
-97.75207207
-102.31912087
-87.69630051
-84.98677984
-83.07534024
-111.05988809
-96.34231202
-94.28741889
-101.27281457
-102.75472618
-107.88921638
-81.83703817
-99.34941092
-98.66067706
-104.89234521
-97.31379375
-97.41626385
-105.09899003
-115.27987298
-85.58194308
-77.10320759
-113.50113762
-107.0898756
-83.16897836
-85.12768651
-99.30478794
-95.20064437
-106.27670065
-95.64816974
-96.59775461
-83.64286959
-87.91130712
-86.68864259
-82.37851911
-108.07301178
-89.29990273
-82.76025481
-112.42405534
-105.67353096
-104.41187612
-89.10656091
-83.29732103
-94.27098969
-98.97821676
-116.82113796
-94.94233912
-102.9763583
-83.73950134
-97.75958452
-104.06570229
-88.89662066
-80.3030186
-112.27451968
-83.4962969
-93.60037087
-89.96009374
-111.48332233
-79.49824903
-79.49589185
-101.08738859
-89.81844906
-99.0938149
-101.07969973
-110.46125297
-84.52651025
-106.36048028
-99.79862086
-92.90262788
-95.29742884
-89.23755003
-82.85285995
-106.37169268
-92.04326776
-91.87876683
-101.52613494
-100.47661501
-81.81675351
-107.53738476
-105.48782069
-99.7307361
-85.17962388
-103.0029307
-79.48223401
-87.32036546
-95.75436505
-88.20159863
-96.32345925
-97.07556104
-101.79965094
-101.4653979
-85.03147465
-80.68210909
-97.49348416
-102.3814209
-82.61550382
-88.6918408
-97.90082437
-95.98307117
-104.98697388
-88.71097677
-100.09490788
-77.88930758
-106.51797489
-109.82830142
-100.69891239
-90.44422429
-115.37467512
-114.34433803
-77.32703136
-82.69490932
-98.08098929
-84.27313851
-116.24269971
-103.57253859
-100.07900082
-90.34743194
-104.94916109
-100.64112811
-79.33316038
-81.30797858
-94.26955581
-112.5921046
-96.77905163
-97.01665478
-102.41968514
-84.94573204
-97.91747463
-99.43944193
-97.74791022
-86.76684524
-102.87821661
-117.36737429
-114.05846408
-88.30540337
-105.53894122
-97.12102706
-96.1309031
-102.64355576
-83.36754003
-90.39220612
-104.5633124
-89.01329566
-93.57018335
-92.79201796
-105.36575356
-96.95593803
-84.60101969
-77.50492887
-93.75801619
-96.93842239
-105.6385271
-98.50028573
-89.54407178
-112.80340925
-88.80776401
-81.05221872
-81.89114637
-102.1046399
-84.46102541
-79.09143287
-110.68087572
-106.45471583
-86.12313717
-96.61980501
-88.89035877
-88.2558196
-108.2190577
-102.95337171
-74.48431595
-80.63847727
-96.59655356
-101.85093915
-93.40685509
-84.12899756
-100.12833855
-93.34980569
-116.64973831
-116.08633204
-87.87861425
-116.53110402
-91.59442738
-93.39238176
-82.91442221
-92.54004887
-84.39340415
-101.91042002
-95.46415579
-96.14296559
-81.96991923
-85.94110414
-99.44655022
-94.17635881
-80.48771852
-93.96512473
-83.79218673
-77.3264808
-89.44161538
-99.75776817
-104.61978464
-106.67835218
-94.89383628
-82.79531987
-110.20099325
-104.88841125
-102.69925862
-89.41700316
-111.93106643
-98.01760143
-83.94219358
-104.23288311
-117.17798347
-99.40615166
-90.01994926
-97.90397917
-81.44779947
-110.66345085
-103.62143723
-76.09199852
-102.54157489
-94.37479906
-95.13995139
-85.55790969
-76.27268455
-85.57389073
-78.32147056
-110.93998572
-98.72220974
-106.60806152
-104.20461391
-98.68585057
-108.79651628
-81.23651763
-83.40303721
-97.2564999
-80.64680023
-108.95408436
-106.15996627
-76.27381189
-86.61253491
-91.77075691
-108.15380052
-96.8197748
-102.66355204
-106.23793894
-104.71614173
-94.4759229
-91.41579321
-75.8245538
-79.65354753
-92.7900857
-104.50591944
-101.8520205
-102.52654695
-107.19827583
-92.49418186
-78.09880396
-76.96480584
-81.93410687
-86.5435093
-89.24135854
-79.07500914
-107.27076674
-75.27470334
-110.91805619
-92.93633858
-103.51609552
-77.79600916
-88.02733576
-102.44592361
-86.32197924
-109.13179712
-103.64969638
-104.7298423
-107.05404653
-87.91500382
-94.69725335
-86.91319332
-90.03634124
-78.4318164
-99.36471674
-105.37357922
-81.63795469
-110.57934556
-79.07856026
-88.72599017
-108.99962983
-115.83477663
-100.52320871
-101.06240385
-88.36462981
-91.70376792
-95.21554291
-100.19361103
-92.27664583
-109.72612618
-102.23841165
-89.2772035
-110.12067498
-101.9006357
-93.0545376
-91.15136205
-103.06827939
-111.68353358
-105.07366523
-91.60984066
-96.66420597
-100.77460571
-109.82410834
-102.96221591
-84.40008128
-115.57784198
-108.88821035
-104.52819897
-84.02940126
-98.48826151
-85.45836525
-101.79728478
-110.21772982
-103.59599792
-110.30042986
-107.77502625
-85.44826621
-96.47771426
-82.8123958
-103.72664737
-92.84060347
-86.03465935
-115.25409137
-78.52486529
-87.81779898
-85.83308361
-96.1627477
-96.92763455
-78.7224673
-108.58529575
-108.54643234
-102.89412449
-102.34611903
-105.74064412
-87.76535557
-89.2200771
-93.62126346
-117.00664682
-98.82099843
-106.48868347
-81.86481556
-97.22454038
-114.18812737
-82.60288531
-114.42179491
-101.19099717
-109.29672631
-113.35368444
-87.00591765
-105.44699787
-96.3565388
-81.66773481
-103.52325501
-89.82693821
-114.83050448
-97.69837108
-117.21114071
-114.79303995
-87.6821658
-101.48362758
-107.24151947
-81.97266881
-97.36774365
-101.75429277
-91.02290173
-107.01127414
-114.87926168
-106.00592064
-93.55580791
-103.69752056
-113.65995169
-113.24692291
-101.71429774
-93.75748655
-90.17003983
-102.83182676
-75.62404178
-85.99819251
-88.55879975
-92.24159461
-94.98849029
-96.45054738
-108.50995237
-82.17298523
-103.86521331
-104.09053779
-105.10641116
-84.061448
-99.03472338
-102.56468106
-97.63028508
-88.29561442
-97.54358289
-108.821212
-89.56560577
-82.76682714
-92.01634198
-87.09627103
-110.00869735
-101.98408144
-109.50878969
-74.91975935
-102.33799588
-101.03388833
-79.59222727
-74.26491766
-111.75623527
-112.66049789
-87.57338693
-100.07107577
-91.8795802
-102.32937436
-87.67774288
-105.43826027
-83.16201228
-110.22224803
-105.39146807
-100.25656019
-95.734898
-91.60415666
-95.60480898
-100.00817398
-92.30164577
-93.43091888
-99.18172406
-94.71079009
-104.97257845
-105.73333688
-79.66382726
-101.1385082
-111.92385675
-94.48447348
-89.04074946
-105.84804165
-98.73016636
-100.49353642
-100.66011413
-107.00127792
-99.28163987
-107.59822045
-107.89519435
-95.39399406
-113.87624024
-88.05618248
-74.70409971
-79.77644321
-81.07274758
-81.24340932
-103.04358078
-99.58948331
-91.25745248
-92.47897909
-90.80579521
-80.77543757
-101.7229432
-86.77044338
-102.35565184
-101.1066972
-98.87839595
-84.46720352
-89.25864547
-113.92475073
-106.52143196
-112.03837313
-88.77298612
-99.49713831
-93.36245715
-108.6775599
-96.2684645
-113.36385798
-110.98469602
-110.26931188
-108.88714965
-92.80231217
-90.91137899
-81.20333507
-94.11471296
-85.4712835
-78.69963934
-90.38564205
-78.67698154
-83.17085521
-97.8112956
-102.21750139
-115.06657572
-84.92979825
-115.361868
-108.87615223
-109.93982312
-102.75965353
-100.63021666
-85.42054899
-110.39130533
-77.46979996
-93.84517011
-97.62697756
-95.67583586
-90.15208376
-89.68145882
-93.79746308
-88.55660625
-113.17780426
-106.31022228
-83.14270667
-86.04891263
-91.80525622
-108.17792345
-91.19004204
-90.86288959
-87.9922731
-89.66821807
-99.39163646
-102.66678014
-108.73360589
-87.92558923
-84.1222326
-88.77844795
-108.38100953
-108.11213716
-113.69695009
-113.64136699
-106.29705814
-99.89616101
-98.91256357
-85.13235598
-96.9649315
-109.40337115
-88.5177615
-76.26440344
-80.30534761
-81.13425116
-112.38983088
-85.29623814
-102.82512127
-109.77927394
-84.46145414
-100.50457939
-94.95278383
-100.92639632
-80.67261883
-85.879266
-102.99833491
-101.51204648
-79.96845982
-83.14675437
-106.90802551
-88.07872727
-85.4057522
-93.57583066
-103.73125177
-90.86454607
-88.23835033
-81.81440285
-82.15011873
-88.46859499
-92.17390499
-96.10598403
-101.6316843
-105.17981912
-99.34133942
-93.32980555
-97.00535769
-107.61736856
-93.3811336
-99.19575694
-104.07412354
-96.58330925
-113.353571
-110.94418227
-92.37190886
-96.52808685
-90.96372533
-99.40959536
-91.38900769
-99.32804637
-99.83967473
-92.25409737
-115.84603409
-115.45482318
-81.96674256
-114.46466849
-78.36368876
-99.1313809
-75.03890359
-100.81986177
-90.03473023
-101.12005586
-83.43659637
-91.90900445
-97.08148679
-96.30234309
-101.50720328
-96.9868063
-77.00893007
-104.06029317
-109.43815516
-91.21045312
-80.02730031
-79.54635842
-111.19718751
-93.52375876
-114.34099215
-103.12246507
-82.22376192
-75.6562685
-76.66377797
-82.57200705
-78.18588225
-84.7473841
-80.61095795
-108.4775541
-83.33090374
-94.23037892
-93.52013867
-101.33308112
-104.98477174
-109.06256842
-90.59562157
-86.80810097
-81.69131765
-91.19281405
-109.08183422
-97.82335955
-91.05938944
-110.86086573
-87.19137473
-106.99084409
-96.38948867
-103.45369931
-76.30259495
-99.74284805
-99.09488642
-89.1540848
-101.14992764
-80.3851934
-107.13882134
-94.95567534
-77.2797579
-99.77498488
-100.37525052
-98.56987592
-81.76116329
-89.03911538
-90.61001741
-96.0124063
-95.18743141
-106.25771405
-98.7544657
-92.23523783
-106.43108374
-97.22918817
-106.48305866
-83.6869509
-91.08319089
-83.46328575
-84.72910214
-110.56140841
-76.28916624
-111.50255852
-106.81190612
-88.09230168
-97.85265523
-109.8455475
-95.04461005
-92.35668322
-87.02864691
-95.55089854
-82.89123041
-106.38169765
-95.85025114
-114.63908591
-82.08615705
-101.86512785
-103.38969753
-102.15856327
-81.64537298
-77.26185677
-105.4465415
-100.98396981
-85.76818965
-100.62462348
-80.92688338
-87.26233657
-92.39644181
-81.91825725
-104.16095021
-87.94052268
-76.9450981
-88.02128709
-96.38658641
-98.18107502
-113.4416939
-84.53587318
-110.74021021
-92.74931397
-99.38242127
-89.54500013
-93.68038052
-96.34802207
-116.0328831
-94.95801476
-112.48640016
-98.02547716
-94.09341596
-89.00905952
-110.06373262
-108.41792945
-97.90361495
-85.54006276
-112.48001661
-86.10966848
-90.07693511
-85.24351431
-114.66968538
-113.11686116
-78.31546359
-113.38987433
-98.96566857
-90.57570107
-110.30786416
-101.43395517
-82.49170873
-108.84714679
-96.26221824
-98.07814494
-87.30168997
-107.51647518
-108.21603951
-93.80126843
-96.06715563
-80.75937728
-91.30126107
-85.43102578
-106.22832398
-110.608568
-85.79858236
-80.39752187
-102.89544461
-95.22664217
-98.11317831
-78.2286928
-81.31162591
-100.99111757
-87.54164016
-87.82449353
-91.39409709
-107.2465704
-81.7976969
-94.01842105
-110.52866097
-114.27511878
-100.66571602
-110.04959719
-116.29121609
-89.18264541
-111.44376292
-95.99436563
-105.86232994
-77.68834726
-88.8862836
-99.08521969
-79.17663909
-101.30354217
-96.37772124
-100.4627093
-77.29168454
-77.66047647
-116.05820514
-110.05706733
-112.83213017
-104.54701329
-90.55340557
-80.94553157
-84.89961075
-84.29165156
-89.62219491
-99.07539576
-107.13345174
-98.08530168
-107.6490606
-105.64594175
-93.96325169
-92.86224788
-105.61992626
-88.14605037
-75.41260727
-99.72294375
-95.780574
-91.03492138
-112.09287902
-82.96067539
-109.6169232
-107.90334746
-110.78078703
-110.4013004
-94.73405414
-79.54121748
-99.30915553
-103.92923737
-92.92940955
-97.32683844
-102.56758814
-88.6225048
-100.35582001
-90.56397362
-94.84796779
-107.15773069
-96.11949705
-88.43122455
-109.84534853
-97.66382645
-116.30264631
-81.22004343
-94.42593046
-99.85487135
-86.12889259
-92.69772831
-90.07597556
-79.19288929
-102.98674052
-86.57438206
-100.46804119
-87.3173129
-77.34042292
-80.83241575
-92.02838249
-90.33309832
-100.1854052
-87.70337535
-107.8885757
-89.30557255
-94.79304211
-101.82043157
-100.47793392
-105.87430762
-99.9720011
-86.99716729
-74.28569926
-100.01544866
-112.66783224
-89.48373234
-102.65179481
-87.89410571
-84.01316441
-77.03207136
-85.96380729
-109.43331298
-92.75558916
-113.3542631
-88.74398786
-105.88451836
-95.99209066
-98.18600346
-91.00620242
-106.42940258
-92.47063885
-98.74736155
-84.59034558
-83.01759024
-104.47772652
-91.76557419
-109.40778006
-90.97970817
-74.63723849
-106.16109344
-98.4852854
-111.48938406
-110.37540987
-86.48018739
-76.79059289
-82.62511067
-80.96610256
-102.60481249
-85.97979648
-96.65550284
-101.47070935
-95.79064274
-84.63583222
-113.10400943
-106.73228803
-112.50773278
-110.14838004
-82.49500698
-84.71183653
-80.55304604
-107.98221867
-91.93108737
-80.88918913
-100.99663884
-98.61829703
-104.50113212
-115.61647139
-107.17833911
-110.27717996
-78.81224077
-100.59671186
-94.4363111
-102.31715779
-100.15568533
-73.91444393
-82.54976215
-109.44761295
-92.72021331
-90.54331475
-95.2860006
-93.67212143
-115.34097641
-105.72134632
-95.73038368
-111.50747321
-110.38370701
-84.17648481
-75.85803456
-87.64188482
-102.16159964
-101.35446308
-87.54793634
-98.1092327
-106.20897309
-94.95835002
-101.46614486
-98.37093161
-109.37877029
-79.59989292
-102.10215514
-94.80522459
-94.97661179
-87.66089242
-110.65657295
-88.39557028
-108.68850252
-97.67085541
-98.7905404
-77.77035002
-110.8092223
-89.79554728
-79.50962688
-111.24709773
-117.37246989
-93.01563197
-93.23472759
-98.10516016
-93.13256532
-77.16531831
-111.94828357
-82.07024784
-91.37130356
-97.83159101
-92.02987039
-98.266017
-83.69001159
-97.32877148
-79.98797115
-101.54969289
-92.82169751
-106.11151528
-99.91691032
-111.76023333
-102.67585485
-96.24996621
-96.67874431
-109.34146235
-87.69351292
-90.06782001
-106.25313329
-88.59013041
-91.74252395
-83.40230876
-87.66377093
-114.03212918
-81.45176448
-83.44760639
-98.64457012
-75.70666365
-108.83702006
-94.26131935
-78.63050718
-111.80311914
-94.07317716
-100.59467202
-97.63811288
-105.18007884
-86.74688395
-103.50696876
-106.91454224
-110.42533026
-75.46534771
-114.76549107
-85.2912268
-92.50958859
-86.65656562
-106.89792555
-108.01484802
-85.89796813
-76.478692
-101.58947647
-104.35860532
-112.03577697
-97.68129753
-108.47702563
-82.16162168
-111.54745284
-81.91636626
-93.54634506
-100.35255981
-89.89051075
-115.11619775
-110.19137245
-99.88279389
-111.45564045
-74.68163296
-90.53431857
-104.4191237
-79.34817594
-114.64562978
-90.83977954
-87.87877006
-94.04578811
-84.23631665
-99.44713265
-98.23535276
-96.69057204
-83.53358157
-83.76141229
-110.60285878
-108.42719585
-96.68809204
-111.42217782
-82.10538094
-81.7242743
-85.13525607
-98.05127331
-113.93720145
-88.82696729
-101.00830422
-81.5405086
-100.16730904
-93.44105873
-105.43099193
-102.81702685
-94.17203746
-86.42087811
-88.50327022
-105.96017458
-117.08474482
-84.01218525
-78.2028754
-108.80408354
-106.64343072
-85.1072342
-114.22133622
-77.53989446
-87.18504472
-108.10340311
-105.36226444
-77.58520728
-115.38379075
-90.38752666
-113.32871736
-78.46445739
-116.66003359
-107.86292572
-84.75019603
-92.67702082
-90.35252966
-94.34197806
-83.07496048
-100.74918801
-87.30475768
-100.21061487
-100.6199561
-83.7418993
-86.35462045
-92.15793495
-102.03043852
-86.22342404
-96.76284311
-74.5491306
-115.98226006
-79.25558196
-96.48168227
-109.49326066
-93.88084071
-111.25939098
-106.14443808
-110.82117178
-94.90908834
-99.91145739
-83.2036913
-105.41940486
-95.35605895
-103.61298581
-96.32172349
-107.14266223
-100.01011082
-114.01113022
-99.87581552
-86.78182443
-104.2798795
-103.47847998
-107.6793934
-109.83937695
-106.06813975
-83.93356602
-112.74203475
-81.78650192
-102.81728966
-82.05947387
-76.82847054
-79.55033576
-84.38175686
-99.46659612
-101.54037155
-84.87978911
-99.30798526
-86.31036079
-96.79504614
-93.16105761
-76.20604201
-91.72943215
-92.67662105
-98.33394861
-86.15648625
-91.82719693
-86.62330797
-110.67294726
-98.12534948
-98.41409729
-96.05898372
-98.92103584
-84.98337457
-93.25124618
-82.07182383
-83.96418209
-85.58780318
-102.8827194
-101.26027631
-91.38952425
-87.70633318
-105.91804597
-110.35234758
-113.67692089
-83.64665552
-103.61992374
-94.8834565
-90.41099077
-90.78154872
-90.40104364
-87.90220146
-88.71952011
-87.83652007
-94.26008159
-78.98372517
-75.1567255
-107.59545588
-87.19936777
-87.89865753
-95.46645446
-105.00941358
-87.86558273
-84.73154596
-75.12266888
-115.20720242
-79.45587895
-85.19610922
-83.40920961
-109.22721768
-85.17769719
-82.52707268
-108.06796347
-88.07220062
-87.74053915
-77.44568097
-100.2989768
-111.8341984
-101.84379728
-117.38501103
-103.13943744
-99.70389415
-103.92774126
-96.6098562
-97.43384835
-83.52652005
-79.77642547
-101.46057103
-95.37026089
-105.22451856
-86.65859836
-110.61007851
-101.32857228
-88.81040934
-81.81604171
-112.54786179
-79.3164292
-92.83875857
-112.92826316
-106.25935907
-110.54044361
-94.9867446
-108.40137201
-100.29348243
-80.22349465
-110.54489595
-88.26453243
-80.07488749
-78.06335409
-113.60121906
-87.97715218
-108.01855392
-111.5555103
-105.37385802
-78.41055645
-80.74893339
-101.77486395
-107.88874697
-87.35351475
-99.47702905
-109.45541242
-95.51050875
-106.80524018
-75.65195269
-92.69785343
-80.74820758
-110.59940378
-90.65502409
-110.45990418
-101.29944383
-105.9203875
-113.54782515
-83.25931267
-92.26876865
-98.03137433
-90.25473566
-91.43949077
-97.49647031
-80.01161675
-94.25962577
-108.947734
-103.36818042
-105.86186807
-96.19206979
-95.02043164
-110.9276606
-78.91186074
-93.9473484
-107.7879797
-109.7361191
-111.70066376
-81.044557
-108.67975723
-89.13390137
-90.54428573
-115.01731568
-94.23672375
-106.11687165
-94.77417066
-103.37443296
-89.15221476
-102.38477103
-93.16736548
-91.31784883
-93.94632154
-91.01734005
-77.4146265
-95.04464527
-109.31464384
-74.88703344
-80.84940979
-108.50164169
-105.39090409
-105.1680202
-115.24719556
-104.31576992
-79.80262105
-108.54723362
-78.64671626
-109.36206275
-90.51634035
-113.92068533
-95.02947865
-98.85859788
-104.54249468
-84.97999167
-104.89422405
-79.08113485
-114.31105729
-91.01174551
-99.87011485
-89.93901014
-102.97398628
-89.67206169
-108.91432268
-87.78408105
-91.2691122
-106.34221391
-109.66275925
-78.3835658
-100.35936658
-110.37935835
-110.01360192
-102.04255475
-103.09143824
-112.58865587
-107.47090945
-83.26497399
-101.03017759
-92.68365283
-87.07456885
-83.73898387
-82.71422476
-105.59292724
-110.65344666
-89.33790148
-76.60627641
-81.78515026
-98.20292329
-104.88584038
-78.25390717
-117.20301818
-90.98121961
-111.05678421
-106.33100634
-112.22500987
-93.52771209
-105.98422498
-97.05183225
-110.93400009
-82.53762046
-98.79045818
-97.25050857
-91.78199878
-89.58442572
-86.45567103
-87.67252469
-104.722483
-112.20066057
-110.69869355
-76.98299277
-81.19477839
-98.51390659
-111.5439027
-93.05457541
-97.95754272
-86.04508471
-78.6678992
-109.49362963
-93.36744893
-87.71608042
-108.71019898
-105.49162635
-94.92025889
-94.9816767
-105.22986687
-84.84660581
-111.73059157
-79.93132108
-86.68886639
-99.20230233
-106.52776441
-99.99276804
-102.10249665
-91.29215734
-97.51450698
-75.53613469
-95.8937783
-104.71007317
-97.62144687
-83.59681997
-106.08948572
-103.55342011
-104.95802577
-102.37186723
-115.04690921
-87.54310509
-99.69491416
-86.88272911
-87.37218439
-85.14322096
-112.76347637
-80.69476719
-77.39159191
-91.36728337
-116.30892867
-78.29734141
-94.49237844
-105.83136831
-82.32034111
-89.58282908
-84.36585999
-102.5378951
-102.50201305
-91.60590744
-104.17352962
-107.35130561
-107.7426576
-110.00658171
-106.46662928
-98.27226622
-106.31311409
-92.38361381
-87.87240297
-92.83655598
-103.27462622
-106.59575886
-96.55412213
-117.02062335
-102.05653839
-108.12540553
-110.43908089
-115.8690014
-76.37391434
-113.79298449
-102.40082942
-88.9408615
-88.27590278
-92.61015784
-105.69475484
-96.46209486
-103.80080172
-82.68261832
-80.91398007
-99.72931968
-97.29497211
-83.90811897
-86.31420548
-104.18299987
-81.6113284
-103.28827932
-106.21103277
-88.57806066
-107.17668739
-93.74321544
-104.69915684
-79.71630729
-107.16088971
-91.33579483
-116.33070129
-83.57311394
-111.75463896
-97.98559746
-86.20004885
-88.96081136
-89.4342967
-102.68143829
-113.29200471
-92.40940674
-107.88451606
-103.54061172
-77.21792744
-84.80006022
-101.50038898
-83.55774316
-92.43255722
-85.82080932
-81.62539736
-104.67429496
-114.03845036
-78.9213988
-85.38444977
-101.91651706
-107.39199921
-92.79205824
-89.93102729
-95.73547789
-100.29266182
-78.52398891
-115.23908556
-96.76313432
-92.08308683
-85.55830314
-96.21652579
-109.2533616
-91.15857013
-98.67677853
-80.25840116
-102.93883848
-97.58997706
-111.79674433
-104.75761413
-86.53780446
-106.27341631
-85.64498428
-111.29175998
-94.8953457
-96.87864727
-98.40246233
-85.79907417
-110.31768433
-91.61591681
-87.19963463
-103.86755458
-110.47162958
-92.72149733
-87.33100808
-111.76172011
-97.53805841
-90.2492694
-96.04493237
-88.05365993
-91.71175049
-78.53207059
-101.30792175
-108.0001961
-101.16692372
-77.28342282
-86.12337828
-102.41149263
-89.96042839
-94.04428548
-105.85010792
-115.99579309
-93.03152873
-110.85425021
-103.26983147
-101.47336948
-100.34774274
-88.5877992
-107.02800901
-109.29453052
-106.94709274
-106.35747453
-84.06135903
-108.86390446
-79.38550962
-110.73952343
-106.85673663
-91.334549
-97.13924703
-97.74029377
-112.46382349
-112.94497446
-88.79387399
-97.00171618
-91.04187012
-99.50920971
-84.14654606
-110.84131074
-105.35608219
-107.88581816
-86.95358772
-111.89550579
-107.9505258
-82.02554322
-78.53688981
-104.41937055
-104.58313442
-80.30645468
-106.42638411
-97.60049914
-110.1784497
-76.22728948
-82.25890377
-100.70902278
-83.03904204
-98.56551935
-103.88707273
-82.99107699
-85.16384334
-91.32993411
-99.57377274
-78.35876655
-95.85657037
-94.63037864
-79.5986166
-94.93737643
-85.34295854
-78.2360722
-78.8787429
-86.437441
-108.39322267
-92.80414705
-93.46840765
-110.29029112
-99.50010519
-84.29261143
-89.03982551
-91.08565797
-79.75140126
-82.1745604
-115.58627132
-77.19555115
-94.8584243
-113.99122501
-86.09945251
-110.52726202
-78.62062344
-111.02866896
-86.81337355
-86.24952318
-76.60009507
-109.5405676
-101.71221891
-109.22133888
-113.04319373
-103.57365985
-75.93374888
-115.9241479
-96.36293701
-101.10587801
-78.22505587
-82.73880407
-93.71555746
-86.57622561
-75.0194162
-101.59876964
-96.72615995
-103.04067753
-97.22096648
-83.96993356
-99.25929712
-98.55014002
-108.90579182
-86.88810286
-77.56822855
-109.00119443
-90.06689535
-110.31951262
-79.99887666
-102.19282305
-84.6313438
-100.20684159
-84.79487529
-92.23040931
-85.21537961
-98.6569471
-93.84339784
-98.39566235
-87.40794254
-94.26628685
-91.53381043
-103.4274752
-83.15073784
-109.02102754
-116.79251689
-111.42712347
-88.74435367
-83.11607874
-93.80481827
-104.30554533
-88.34441487
-80.79602242
-113.84308921
-96.03646523
-77.14311663
-88.79515443
-103.43835015
-99.59178923
-76.83520536
-90.20477076
-81.21106559
-111.66625208
-99.68596546
-93.86062304
-97.12967412
-104.4046561
-99.08078154
-87.67459547
-93.60951297
-83.45451214
-89.51802325
-103.33611975
-81.99134755
-92.48834021
-86.15056974
-79.74573221
-88.58961248
-95.84539725
-101.479471
-100.28615851
-102.03010589
-79.51277711
-111.68527311
-108.56896444
-103.46068625
-110.9237714
-103.6370864
-93.20382328
-91.53125052
-94.89717461
-86.45495528
-114.24960502
-101.562469
-100.010072
-115.42161561
-94.70004734
-112.42170532
-96.44456732
-90.56821185
-96.93420054
-106.8662875
-91.71885653
-103.35910674
-90.71678468
-81.88261817
-102.60292167
-104.07432439
-104.81769572
-102.17602387
-95.41435035
-112.49894491
-90.70869042
-89.03685643
-76.88700617
-84.09487769
-95.46456232
-87.53144288
-81.37374476
-104.48407291
-84.28518981
-105.05889129
-84.24382099
-81.21692471
-109.14783024
-99.50020688
-84.8258959
-106.60343219
-92.03293092
-87.89277016
-104.13918746
-111.33683028
-101.05730559
-90.58169939
-93.67112086
-83.05014897
-83.52103791
-111.14202452
-102.14433483
-97.17220852
-108.57621779
-106.36896138
-84.04586725
-100.54283023
-104.81986472
-99.19531406
-93.81383355
-91.13017486
-96.36406348
-89.64171265
-108.87021
-95.84505253
-95.51454797
-91.70831734
-92.3890339
-96.95006469
-76.16793434
-105.62112859
-109.13241385
-74.14416662
-117.17352473
-105.67963303
-93.1623001
-99.578455
-98.02326518
-95.3576849
-110.48036097
-108.24326524
-110.566598
-77.28551671
-100.84907687
-81.88927144
-108.94602552
-77.82548364
-106.58269564
-93.97055798
-90.62688434
-83.91659505
-100.1664684
-104.22590853
-104.36862017
-104.87528167
-89.88387335
-94.06791716
-103.36665641
-90.74788392
-108.70957962
-75.47891334
-107.72523942
-101.03252516
-102.73711632
-78.00316668
-105.12394916
-102.25993191
-100.05425761
-94.55445909
-79.86087218
-79.18852481
-84.93110276
-105.71568188
-84.47717581
-98.1524789
-112.65637612
-89.41158386
-78.1475748
-96.24874411
-103.2756158
-82.13478548
-96.96501523
-98.84484482
-92.29902979
-86.88883635
-76.03512137
-101.91074645
-84.32787547
-94.85386879
-111.43052837
-81.77222169
-102.95933246
-89.01809823
-83.38044158
-89.19411367
-113.09949739
-102.20090401
-90.10530484
-101.1390594
-89.55414455
-84.936483
-113.11032137
-117.44486583
-82.71735025
-99.31498564
-88.26665006
-90.78572614
-110.84393715
-97.18299674
-92.70626738
-94.33339039
-102.22719024
-89.95009458
-91.96257178
-100.00034441
-99.51939757
-97.92838486
-86.40813809
-111.95423706
-107.91776241
-115.98867628
-88.30398973
-105.87818016
-93.48297706
-87.69993862
-109.90928425
-81.01864352
-113.33998413
-89.69059099
-85.72268939
-105.07343352
-97.71956365
-101.45190548
-99.73999307
-83.82344369
-89.04661217
-89.9024535
-111.96951149
-102.93124387
-85.97163292
-98.56580741
-105.34321109
-84.0404166
-103.55609673
-77.13784816
-104.08299968
-89.51555895
-106.77040719
-86.01573177
-99.71829312
-76.9373474
-95.13315151
-98.6120346
-101.94306369
-107.18419339
-106.55547633
-74.79207976
-93.9217933
-101.07056625
-91.9951663
-85.04620474
-86.75153697
-85.41910103
-103.25270514
-86.57253462
-88.08597068
-110.35518342
-105.6671983
-97.0047507
-109.1380015
-102.04048979
-90.0406041
-88.17025231
-88.14818265
-82.58610113
-99.84817643
-84.17216617
-104.57341315
-104.91243214
-89.90649375
-89.23892165
-94.03484939
-111.47888474
-92.55238199
-111.17065821
-89.62309775
-96.92938908
-90.36974569
-86.17257572
-109.94314433
-91.56145858
-91.20917083
-84.3740162
-110.14941935
-105.88817906
-76.34089534
-94.03819714
-113.661536
-76.83482066
-100.52725584
-87.23199181
-96.34325505
-89.45444649
-99.12807237
-107.01802137
-112.34174594
-80.51270105
-96.89763781
-111.21735001
-105.75132273
-91.42292274
-105.45881612
-91.4085546
-83.25226757
-116.63915523
-87.28079494
-95.39193702
-103.39778827
-82.66148809
-89.98952059
-82.58451095
-101.84008056
-85.1682238
-98.91441227
-85.52424867
-76.2523478
-80.76031892
-107.68011862
-78.75746762
-81.15120087
-105.36777846
-92.82520539
-111.49448339
-106.10216363
-115.92522279
-93.3136962
-109.93309626
-81.92030025
-106.95316331
-106.7073876
-112.9800041
-96.93926533
-109.80150684
-97.50948039
-77.1337523
-84.36598437
-77.32346575
-103.61262768
-90.62548965
-109.60966773
-86.86564176
-95.29476063
-99.91960851
-98.50087588
-99.16783622
-75.32482982
-88.91066536
-97.52552282
-91.08431819
-111.91632481
-99.7204594
-105.60790731
-89.70221997
-108.48741522
-107.39515547
-81.84962547
-76.00430362
-84.52537669
-76.06482604
-104.67512674
-103.34469438
-80.71802177
-105.88234331
-84.14896652
-99.27058398
-96.09323346
-113.12683437
-103.59314343
-93.61814041
-95.92354148
-99.75448788
-79.42534225
-109.88375043
-96.207356
-116.44882737
-84.00427667
-91.58871623
-83.09484126
-104.60824506
-102.88380746
-94.82186223
-79.83668208
-81.43544499
-100.41686248
-95.08799973
-112.04656009
-86.138687
-102.66073851
-109.66689189
-102.70135758
-93.79303059
-98.20960181
-102.32649498
-95.98036061
-106.02741502
-111.82628039
-84.45304724
-114.9319268
-87.40241793
-81.13050112
-96.59603431
-109.23159433
-116.97238468
-93.26117434
-106.33827555
-107.2940689
-86.84157545
-86.91766936
-79.80998396
-81.54796153
-83.69856315
-96.4884353
-106.59706835
-83.22513434
-111.1909808
-93.48552907
-108.45512857
-88.64947075
-84.49520925
-98.54017572
-78.23070756
-79.50900644
-85.71345413
-78.42545044
-78.70331968
-111.64264857
-110.18717493
-104.31321525
-106.22517253
-82.29797227
-111.6137525
-89.8509344
-82.3113627
-101.19625376
-79.0450653
-105.15166566
-110.48399386
-78.76465693
-106.71517494
-113.95270692
-109.78825847
-76.92200578
-97.6577959
-112.23461277
-87.28460179
-110.26514534
-105.99105755
-89.93017571
-86.39639547
-113.24964628
-95.09988438
-102.41666451
-81.65173457
-98.95183916
-88.06668334
-94.39557961
-111.8519781
-108.43858931
-108.09085496
-98.52782129
-108.36800525
-76.84365061
-100.88933447
-105.66447383
-99.51151949
-109.1941331
-88.13547887
-86.21011665
-109.07142396
-92.43901677
-98.78407273
-88.59746301
-102.5187286
-94.73555078
-81.2098418
-95.16640913
-104.7898406
-104.76450733
-82.87593586
-85.08358127
-93.69606776
-108.03199844
-74.84546791
-88.41103786
-99.4642161
-104.33037517
-79.79348247
-93.88188401
-75.69192504
-90.52031196
-102.22236171
-90.91754243
-96.06184859
-110.37595924
-102.35146915
-96.7328495
-83.31330845
-85.47605539
-96.78580786
-95.37994879
-111.96155993
-99.85229052
-103.97118827
-90.01261996
-103.76697337
-84.7310702
-103.05673258
-107.77408791
-85.98210604
-107.01798982
-96.2038462
-85.39597771
-79.16966374
-98.37213458
-74.06379755
-86.24507764
-102.74713987
-90.09186772
-101.41278787
-99.42560733
-84.40226002
-86.78560334
-91.33377984
-104.45083671
-93.64578982
-103.71512844
-77.36794381
-77.87702112
-84.59469498
-86.34266235
-92.14894283
-105.09336338
-103.44790775
-86.52460413
-112.58273491
-78.3834957
-106.32957744
-114.20592271
-84.07780434
-106.6911469
-94.51735672
-83.9757914
-114.56184809
-92.3032289
-81.79511622
-86.41652728
-103.43016292
-79.5272884
-84.97119688
-113.9180434
-80.76024548
-99.94560994
-92.07345543
-93.58996925
-99.55122048
-106.07110695
-77.43144333
-92.61162715
-104.26031713
-109.07053965
-89.21457582
-90.68599607
-109.93756512
-90.13230016
-83.19954726
-94.5189884
-93.33570804
-80.67348528
-109.20467145
-77.22992958
-79.28907535
-83.16029016
-95.04411514
-93.16508721
-109.7130997
-78.00839447
-85.29828286
-87.7177395
-86.24917382
-84.91418652
-105.42314044
-80.72221424
-88.53256608
-86.90990364
-103.32275696
-75.11296539
-78.07940922
-79.09231912
-109.69105923
-101.32345706
-99.64006689
-97.8805944
-81.32394377
-93.18833705
-108.89378971
-113.75348144
-103.38051741
-101.77499908
-105.40952265
-110.91592745
-84.50526336
-104.41572766
-87.13202314
-88.94139299
-98.36087867
-112.54627869
-83.95427499
-94.27063642
-97.85509981
-104.6350333
-95.90033205
-100.15897797
-84.17618721
-101.01898416
-107.51793597
-77.61570357
-85.29517855
-90.33069768
-106.61921312
-93.91879237
-99.3581527
-90.53382108
-94.6158334
-111.67728251
-112.00547934
-104.66065485
-104.59014877
-93.58927702
-81.11091663
-103.44170195
-108.3062562
-91.60548086
-85.91768727
-97.94931202
-82.61146899
-94.18929122
-75.3018609
-102.22654183
-108.1441725
-108.86304494
-85.84606681
-77.33318216
-84.35560777
-84.0565115
-115.73497408
-108.2220952
-75.90703994
-104.68126118
-93.53214653
-108.17700581
-80.30819862
-85.79707428
-102.39072534
-113.1795306
-108.71162159
-110.69342988
-114.24851242
-108.96842399
-101.82339669
-102.82556105
-80.62633862
-108.90809903
-77.02492608
-92.01134175
-99.70233332
-82.10355804
-101.13227365
-79.28538057
-89.11172401
-91.7300419
-103.51855765
-98.17804316
-108.89228574
-103.37268786
-89.72210659
-97.67335755
-99.94218935
-102.16079999
-106.99789635
-79.32910706
-96.46704126
-95.30274138
-87.97309284
-102.06006189
-105.22689435
-82.94431295
-88.76657686
-107.4797584
-94.5176924
-81.20773724
-117.31051309
-98.25284151