37.09024
45.90337477
37.95676294
42.86760102
44.23845344
36.39901978
40.94727526
48.02912055
30.45122819
48.07629649
29.96127494
40.16322792
29.9373636
52.492775
36.52576554
26.64018604
40.55009587
42.32108082
38.24727419
39.22788838
33.21755608
24.84205343
28.36679532
36.16517487
38.96963112
35.19484265
24.58889931
44.52627901
29.01062041
49.04560506
37.60077766
30.23073907
44.49220638
41.65254964
33.10839481
27.23373615
53.43631609
37.04926277
39.83513485
30.06716062
28.27589123
25.75848025
47.18115105
21.04362127
25.99289862
25.68970366
35.70313925
27.1227526
30.7638649
32.80975126
49.79538249
32.96794664
29.54054559
42.24311224
46.24271116
49.89695118
31.31114229
41.48892992
38.97033215
44.86806116
43.8872943
30.76471311
23.9814451
29.65100582
42.65286329
39.29777707
29.14809231
49.27527008
30.47375449
25.32252613
38.21658226
33.54180392
29.42061986
52.54399927
44.70603517
23.85019601
32.33213053
49.78150362
33.96295211
21.21119834
22.08750161
36.6272023
32.37265332
28.79685383
37.96802013
45.29003907
49.33273454
51.18915423
29.03897417
42.16505923
22.64365426
25.08371551
31.26165369
38.51615692
34.2918548
48.41019283
50.43648019
33.58405985
29.84140744
41.24340066
31.06388513
41.05004616
48.91051496
49.44945193
26.39741239
43.97891102
34.47317147
44.88045525
41.75211756
41.6879632
41.514939
29.98237601
23.32640713
43.69201213
29.92834465
48.1207868
38.85067281
48.23384264
23.62487085
29.29986248
23.02424108
33.61704222
30.78204742
42.50922912
33.71456728
32.63768524
30.7958483
42.46662559
51.86284508
46.6955237
29.38812635
23.21938532
45.86565241
47.72991701
25.75378187
39.2118503
40.85827206
53.23330791
43.87414405
41.06120992
33.46342522
48.72633923
50.25693537
34.22779659
52.14537937
33.88815027
31.23249883
46.72123421
49.72859257
32.2646383
30.24208445
36.48028646
31.91167221
45.97463461
39.33924235
47.73029715
27.56846115
46.35696057
26.52938795
32.38857376
35.1599532
30.94260107
39.28239294
31.54926985
41.68561874
27.97413395
41.09878087
38.30065351
41.88025911
42.54142755
49.32251833
29.63371858
41.54248413
37.83454116
47.14909183
35.50404485
37.42487435
28.55768664
45.13861656
30.93933225
43.19370155
21.09709936
38.4593316
36.01855148
35.90873091
51.94183994
41.26021444
37.252357
35.58347551
35.9754247
45.52774903
27.66855276
37.41471813
31.80116957
39.59740629
24.51576743
35.34144486
22.04574726
50.17859096
37.79167179
33.10407878
46.6206417
32.9933966
44.7697773
41.25826823
40.09828629
28.87627193
42.05093218
23.52112679
50.81025747
43.54113418
31.36414031
46.59339014
45.57214966
42.68664688
44.93130185
32.24714387
40.43140137
25.08068901
36.74670393
24.81168687
31.49357583
38.89870076
50.6394228
49.27780407
41.63176304
30.37420511
30.021028
30.82894703
35.28847856
39.10409709
35.6480511
48.49051593
33.08097051
52.52375811
50.33627335
37.79613069
31.28634204
25.95773067
39.71931258
29.7915293
42.85953554
27.64448497
29.40285277
39.94195496
28.1499807
52.83330625
33.73858152
47.76068575
34.63600675
46.85783298
36.07573096
21.57140731
24.33213836
19.78395653
43.60814662
27.19165678
24.67397087
45.90849614
29.08475343
35.08473436
33.29583888
45.58941628
47.92340897
39.79809326
37.11754692
43.92311968
40.86411152
33.46235605
43.34663293
36.79444462
51.49274041
28.11183597
21.99302673
42.9443326
50.55421982
43.03648391
32.69449941
42.76394832
26.29181884
52.12186688
40.97715858
28.61437393
30.4561029
27.96047645
26.27667418
37.33144622
37.04280482
37.70166679
28.95620691
23.54164763
24.05562333
46.24349379
34.85906729
33.3666778
37.67508517
38.1080936
33.89581302
45.63395123
40.91896254
40.6797451
25.11759819
38.67046366
29.04855671
23.96565104
31.47595552
49.96893562
38.9917637
52.53648147
22.3461249
45.01982545
25.69778481
28.39557588
35.92504261
28.34435389
29.20879045
24.68964363
42.16679178
34.94627192
27.45336096
43.94436189
38.13802316
25.7064117
36.69217231
45.833375
30.39457026
22.4249306
22.51254531
45.68631845
34.19973458
47.93687257
43.64393193
44.29031119
46.98108941
42.59277627
46.30283078
26.65906857
48.09344541
32.58502411
29.72464975
45.3192404
41.48675374
52.62902646
40.85230846
23.18434715
32.66373336
28.01577709
46.09035998
44.23219254
38.88636304
33.69619069
48.32450922
40.44941144
48.1227984
30.04741122
28.56100226
35.11470782
35.20874967
50.24040432
40.30744473
32.53193448
41.81614617
23.87784294
34.15746538
40.78603294
43.41918636
44.91666562
34.68113902
41.97567257
43.8014502
39.48811894
42.96311339
38.27995889
33.74808113
53.76575603
36.31588426
21.0858859
46.14001928
42.32440518
34.31445019
30.23987928
28.96617536
46.49401862
46.91392242
41.39976543
25.81736041
43.60396768
34.30041327
25.55251825
29.9717693
48.64735847
31.71784457
30.24774167
34.46561588
39.67108453
37.70783986
37.26432936
47.33252802
45.58775581
37.214856
29.90977172
22.65130032
43.72368697
40.53020258
42.96552399
21.34309669
44.68547084
32.81893725
32.07909046
43.05183655
49.38313505
28.82431674
36.2272912
51.81426881
25.78082345
29.71128611
25.39887269
46.70726535
26.80472813
26.57886701
46.76644802
24.80358896
34.91858592
45.66262349
51.37665877
38.88073893
23.3377575
28.56414283
27.65184631
41.89371476
39.65227362
24.57725411
42.08033088
47.12985898
30.79394152
42.77741489
43.74849598
25.07093966
46.33697944
25.59362936
27.4742936
39.51029424
29.75108294
38.95940602
50.03915019
26.42216923
26.14825769
41.76288756
37.34851697
48.76212247
34.10061536
39.83906272
42.62197593
31.56948285
24.15794344
26.40701584
54.14967246
50.17326583
48.92410103
47.7419548
31.67451801
28.43438411
39.56045417
29.78465379
33.4526237
22.61917264
29.09798384
21.23644756
20.92614732
39.46836368
39.15350558
44.6501975
38.38099396
35.56800994
41.06942084
50.24087451
29.40702049
43.651087
48.222765
41.78793465
38.89715887
35.12410691
52.32539986
52.72478613
33.86223745
33.75316806
49.9431257
30.3583602
42.78812934
51.70102364
35.8334379
35.04160336
26.16266981
34.44569769
27.83838418
51.73167829
23.57523863
33.72201103
46.18647676
25.70309676
51.82434493
43.64897441
45.05858897
37.78510677
31.4224896
48.81634861
38.2168533
36.92314606
38.81067053
40.56091284
39.34118276
37.76397585
39.9146577
41.12198858
36.08588295
34.87636001
32.39329115
48.25755271
46.95870384
32.96630693
50.6298546
39.30633774
49.75256037
48.78118265
38.79359586
44.87809293
42.66712944
26.97154463
31.41702653
29.86436002
40.3982112
22.85359668
26.6007656
40.66814902
32.32339344
47.70376711
24.65259648
24.6246979
22.31562075
41.40735551
44.49207312
43.66875619
47.88474832
48.50090919
34.04020393
22.68525113
22.85220116
46.6964489
47.93720537
35.38490816
40.79116446
38.40382874
32.57113473
38.60499975
42.86485186
48.98372712
34.00946005
34.0663655
46.2999299
23.4910258
32.8699652
20.46541298
21.03138436
36.8778653
29.67130706
32.05415321
42.63549767
37.21946318
25.55683378
25.68983756
30.59077397
41.97766748
28.13463133
51.85176892
36.50889507
40.66744376
43.29867771
32.18990783
38.6518148
20.44846646
36.64541264
40.4633863
48.00563775
23.11267943
21.49909384
48.69094255
30.92153246
26.85393547
33.04447826
41.75176635
44.54132069
50.99485373
47.85511551
37.72294799
24.58007797
47.49110087
34.03302237
35.54859413
37.62114392
40.39622603
53.07950163
40.28698245
39.55980006
42.14743366
48.33948858
23.70091078
44.84469885
27.02215978
38.40064734
47.51762598
36.15869254
32.70019158
24.41520493
49.34684571
45.81088872
31.69825224
33.08981926
45.73658944
43.19340404
34.19466313
24.36141369
42.26667159
47.81926289
45.52512037
47.63429171
29.71001854
38.96844436
32.87670367
28.98192587
24.24076511
23.56929079
31.69798566
23.80661725
22.13871218
22.77849718
53.8763775
44.22678657
51.58982072
32.29642978
42.83059
22.31102098
47.85617587
22.32553211
30.34465881
42.26767395
34.44211426
43.71118116
40.1557761
23.35987818
32.85378745
40.61938185
36.79197809
51.23027759
31.02617003
35.31745035
29.1555168
46.43195539
44.36173271
23.49033875
27.40092783
31.64030151
30.53867868
41.63075678
46.52391373
52.40890818
29.17270763
40.79965259
22.23351317
32.9906967
27.77037222
29.7331722
23.33372014
32.08484909
27.8625237
31.27506724
36.47534765
41.34017901
27.94580354
26.84756399
50.49605789
49.7443538
50.04036398
28.8537009
44.20713188
35.82643552
27.8864165
40.78716809
27.08752436
22.20073727
47.16628721
25.64856137
22.40911599
23.8787112
27.99066018
24.55588586
53.76177664
33.25820818
37.59053265
25.13517908
42.96588353
32.48095699
29.47265792
22.30103381
35.60116401
47.21126533
44.73607094
21.57017232
38.10051645
29.65884799
48.68749003
47.49938371
39.48235289
21.26353518
31.15852416
25.77161238
26.85323642
24.86085026
39.37755306
30.59276881
49.1097099
37.95750764
30.0940984
45.58039249
20.53030667
46.30011985
43.70511111
42.42222915
38.41709071
41.92594744
29.24435737
51.13302974
20.6608258
30.87605601
39.57920887
51.01101193
29.99571567
46.06329325
38.62103328
50.71753465
26.3324728
48.59886294
39.39917549
45.20593454
44.62733501
27.23097207
34.48185816
34.25360599
47.99567693
25.36760471
43.11022339
31.3250918
24.49305768
22.58593608
33.51316984
26.7345767
26.76202391
47.97381155
33.95319456
36.13763203
38.6794274
26.83358821
46.92469665
46.68336669
38.24227461
41.82649047
32.20384186
34.02954331
43.98655107
40.57351524
36.97551818
27.59241606
37.32724029
35.42877284
33.98540346
38.00030698
24.17334714
47.87417246
39.31693655
35.0483328
40.41552561
27.32393553
43.0207989
27.97435357
34.80169746
26.427472
26.20624252
44.50198104
35.46551599
31.80415149
39.22367962
51.63114724
36.2876116
42.7165943
45.75883637
24.31080175
40.21171232
26.55963927
30.05481034
28.1381039
29.27887792
51.39575766
32.95509854
31.60023594
37.01640734
36.35096651
37.17051451
26.74587392
43.41536411
40.52167453
40.74067003
39.12195162
53.78865575
47.20395286
39.05843957
33.82450786
34.71653976
49.11358252
31.52809375
31.22340112
28.40614924
50.23168336
25.86322025
42.68468168
31.08234344
52.52025593
34.5240082
40.83866618
34.28887498
49.21918943
51.26796209
34.02367922
34.16548996
37.29208309
37.33382814
45.05747732
47.53103804
27.04200227
50.44490902
35.235645
35.99551343
47.31865039
29.10538141
35.4914775
36.19451507
34.17453241
29.4768713
41.82112179
35.89779398
46.01867844
24.2269508
50.55007669
25.12016251
40.10103214
41.24466531
31.47948988
33.14930492
25.6085948
52.67906427
47.45218766
32.32814428
47.50670599
38.39627172
40.6040809
27.83675977
45.0559209
36.43965902
23.06160905
35.31696276
38.29321036
47.20165316
29.88616687
24.93208265
39.1547021
29.28999751
52.46065284
39.83223402
52.07932333
37.89303231
43.38196604
33.45584326
37.17868398
37.67380372
44.00343009
44.47112373
33.87609999
26.08900501
27.89219328
31.28036821
27.31014818
35.79242083
40.46250428
30.53754873
45.9631085
33.48978527
45.44353299
25.105989
33.79098851
51.53899509
44.53989284
27.36938539
31.39946371
37.32450665
38.80696592
32.49253074
46.06238569
41.78787105
34.81149879
45.21372883
38.62014003
38.12584811
34.94260501
24.29711425
38.88171356
29.79278411
20.62747525
31.91289023
35.93665132
40.72691927
28.46506439
33.74553727
22.63033346
45.91983134
53.62106139
46.80595306
43.96650381
49.95525649
51.46733847
37.17510126
32.58769877
22.91475484
20.54558544
34.15761467
32.93557486
32.10840984
46.64417231
31.70072273
28.58941793
43.21256361
40.49220859
49.19859902
34.3493174
40.79418849
39.37753615
26.06809301
37.38769235
22.2496901
22.25979456
49.78837298
42.92712819
38.76113496
40.95437771
40.11832943
44.69008696
40.75163817
40.76697952
47.06067811
33.70682681
45.46323659
50.56661809
35.53699135
33.3278598
47.84170949
33.09537876
23.71525632
33.08389202
36.26268777
42.55025093
47.69634622
25.95806655
39.46487218
26.76496536
33.67382539
36.20307033
35.22770919
24.62785612
22.23381569
28.43521211
43.28715454
45.03458271
28.6409079
44.56873236
21.31141891
41.39739932
22.28645691
30.66188069
35.48267433
32.87356588
33.13278414
37.74328358
47.19724729
43.96646713
41.0391692
31.38770804
39.52202704
34.40768825
30.54044706
39.39917349
37.17200516
35.57014173
39.69137544
34.95960392
38.215919
34.18943632
53.20279325
37.63634082
21.58327894
49.385008
33.77173574
45.97754609
39.42277623
24.17568901
37.57199665
28.97296489
33.97098756
30.27448934
24.1175443
32.34322966
40.36031251
49.01478095
49.65179694
26.23160335
39.45582625
42.84974491
38.977921
53.87891011
23.36437051
23.47618191
30.84467232
31.84881917
26.19014489
25.82558347
37.71151542
37.86027752
36.85395703
26.0810245
39.6282271
39.7645704
28.37999462
31.60899103
32.19435201
26.1768669
31.08311451
39.36564452
51.54439087
46.87078535
26.71276159
35.29359802
45.20382275
48.07878181
31.17820063
24.64972352
36.52366213
32.07022715
39.75621371
27.02838008
43.21675203
49.59513001
33.91410464
43.35534449
29.17125298
44.7912701
45.12628248
35.1098989
42.55507989
48.4403682
32.32849778
32.26670457
30.89652546
34.24538135
22.29468811
28.27530145
20.52230666
46.62139002
31.63104135
20.79587169
27.47909219
25.85313227
44.8358926
45.71360212
35.12943545
34.04536411
32.49716198
46.96661851
25.30124856
51.27156266
47.04138535
47.68945332
44.33633039
38.45448457
43.84720516
25.87779232
46.68797883
31.95623714
37.30166544
32.22692007
45.98712939
36.61880397
26.37728435
39.53322941
39.6338305
31.13928827
21.55131038
29.7725916
32.98419344
41.76712194
30.70765512
37.83160833
44.09678403
39.62205132
46.76814533
32.99435997
50.02661002
38.04916317
49.93450686
32.40754311
25.06607277
38.65221872
44.30056754
48.91281065
33.66547571
22.65692581
31.77552269
34.15402978
28.79088019
42.39506828
46.73529756
22.06922671
32.81694264
36.54277757
50.67331877
40.18214266
22.37247063
28.61459303
45.51723722
27.98125389
35.264482
38.88135493
42.11469368
29.78670826
33.12424794
29.41907779
23.8116933
27.66816751
46.47545558
36.35707649
43.97688548
31.74135816
40.00757982
39.42228351
24.29992708
30.24208667
52.52148472
31.3422729
37.24097684
50.59080626
30.85398656
33.92594629
31.22187673
34.3760008
37.01930588
44.51170571
23.40625573
32.92318449
45.23867484
39.52208905
30.65807819
43.31966563
37.3011143
41.07812012
41.85394181
38.7529333
52.2603794
48.36199143
44.92916238
26.88230864
28.21105974
30.36810875
31.46390129
30.72577006
44.59597582
45.58088216
42.66797538
37.7252105
36.06761974
39.60162366
32.73799308
43.80182409
23.77728622
35.73469703
27.8597767
50.73354189
36.22465929
32.51402556
42.72233991
50.56748085
21.76866864
39.92591167
31.21714683
40.66080199
33.80773829
41.55898607
44.03355374
21.4127862
37.20865083
45.04573945
50.90271147
46.38606285
28.66088114
35.13895676
48.93351951
35.15187913
38.71321864
38.10941351
31.90092196
46.6112499
49.0961801
39.86554155
34.90560855
28.51690167
50.99229639
28.65109476
30.06185303
21.98950973
36.38551742
37.63334478
38.32765238
29.37111031
36.39027508
20.91102041
43.45420384
20.31323277
21.89233086
22.40164416
23.41988058
37.77475516
50.92575212
34.23673931
53.10836479
32.54021825
50.06483
38.91225909
42.95456316
48.04332457
44.14917713
39.28051166
43.61370938
39.56549844
30.8195434
21.9160087
30.93220031
25.23128564
32.91664324
34.36407943
35.486009
51.61188426
23.14883972
27.0874367
36.58932525
50.02346364
27.51915081
40.21283877
38.35447385
43.69347662
30.75733684
41.72118546
39.60884608
21.37971284
41.01305784
25.57658504
29.86720651
20.14443313
36.77110682
28.2211978
23.96680171
47.90746788
32.67730784
43.76588959
31.55081576
23.69737589
26.05295306
26.89282622
34.64788367
48.63977147
28.54366019
25.16280224
41.91492391
24.47935331
39.89961415
36.60365129
44.13214932
48.90017818
28.41163909
38.47068011
50.84045644
28.80395977
37.76429629
31.53986886
24.80111577
44.6451236
48.18752054
25.87427598
27.34761464
28.63999132
33.72958918
40.16188543
26.47187238
42.63664656
42.66797081
49.69460785
40.91527894
36.14361155
40.70545499
36.93538366
31.9691853
32.13698862
32.40811836
32.82557019
46.67811442
37.20364114
44.17854953
52.91082789
22.67855656
48.36984352
26.51677254
52.25864216
25.48911382
34.02135577
36.3350245
50.95751792
37.19350559
38.81621225
33.18169302
48.56644706
27.88276809
52.85586848
35.43158908
32.9924722
39.87960061
25.93248684
23.17808487
32.18871474
45.93426962
37.45135537
32.43598219
51.74955341
40.66977235
35.65371833
48.17131447
37.2596018
39.27298611
45.5474495
26.19813938
43.26750994
44.47913346
37.00326345
46.38049347
32.94445379
31.69790569
47.72511508
34.10683796
38.18066283
42.94328036
30.31169816
42.29927169
40.82863561
34.99690002
43.43295779
36.46599266
39.85526767
21.21338535
32.47719569
50.6305933
41.14088593
41.5013782
31.57106823
35.87101912
39.04952585
21.81100534
40.87291235
29.09962797
29.33655639
31.23241847
45.38376878
39.43341369
44.0476979
30.02209126
23.61354804
50.65963374
38.80433293
51.65609839
25.36044462
35.1783454
50.10784565
47.71720497
31.4061069
30.27762603
32.9677164
51.12715819
32.71158535
38.11925038
27.48788404
29.68175966
46.234964
46.38943789
40.31955454
35.54232996
32.72826218
31.16355356
47.83927999
44.03873226
23.08897624
41.34610847
49.79894903
32.56655136
48.15832879
30.5597573
41.00849062
39.23353504
41.20200889
51.85088603
43.97573611
20.94759723
20.81717296
50.44398641
40.69589771
33.05602934
25.57176144
23.62200418
38.8380425
35.93494574
43.09632691
27.24268519
23.70921553
33.42718974
28.43869908
44.87505231
23.80941386
22.37833137
36.39910661
36.1973776
26.96066064
46.85071074
36.02974755
33.87741322
31.3340926
39.38601833
23.23066514
33.8772609
50.92676645
33.22196368
26.86660829
35.74097516
44.92405961
30.96976962
38.2113275
45.94370071
28.46047385
47.68133458
34.83934922
48.15552127
34.01510182
31.42688932
40.44629189
49.80869875
48.27259244
29.29187487
34.20448508
35.94079474
24.66356405
32.48217807
41.71510551
37.40900114
34.73937841
39.59640867
36.57632623
47.9978349
27.63391022
49.49544289
39.44110037
30.67833741
41.24017891
34.24850091
47.13580358
37.99707552
36.22331332
35.63235469
35.50511278
42.13111715
51.61889338
33.02363993
21.8571686
40.0570283
46.69289092
31.45820183
36.88011544
31.89129121
43.56835281
43.8196917
44.78276916
31.09512441
25.1704323
33.70488896
27.77407161
47.55141891
25.23550778
37.83594498
24.30689999
32.36257648
43.21406376
26.66150848
34.54491543
37.01015427
46.8970645
51.47125979
34.35633305
37.89945553
41.64308132
44.30135666
21.86578851
44.44139076
46.0056342
36.1413879
48.67825032
46.38060084
23.65080887
21.78837376
47.40221233
35.48548936
29.69469763
45.89468181
24.96852383
47.48708971
50.9856176
23.68575918
25.90844822
33.20754297
45.5990124
45.11094797
37.69313812
44.77705508
35.62809942
46.74379607
43.15056297
37.02689207
21.98820471
32.44393061
49.67954426
32.76349407
41.77453824
28.15104742
33.05169503
52.07098549
23.99447336
22.24958386
32.69877622
30.98623161
42.25611152
38.47802586
44.37988903
33.98122636
48.75238742
33.93622638
27.30123731
43.21781965
47.03804681
33.63082298
36.55676845
30.35819086
50.41829919
39.63526647
31.33766151
48.85042337
36.17498761
48.72335639
29.78888463
32.26868923
29.49165253
28.74508804
25.87682238
27.68172321
29.86520062
20.69539287
26.58434125
48.38493869
39.25549127
40.64891964
30.16796061
28.53867932
26.25159222
26.98398267
30.9946182
29.30015376
49.3690362
22.05694273
27.53853506
37.64309373
29.06993869
29.12864654
33.0580884
42.2870918
34.51903533
38.0900383
41.72229554
49.3446072
30.58215591
52.05853482
37.19088217
46.05697046
36.25802355
41.5163496
50.92138563
43.8565439
24.04301202
40.52510557
42.33438246
20.13005902
28.88022796
49.87924787
37.38143686
44.48775932
51.86823015
37.56603855
24.183222
36.01971565
41.59045408
29.7525976
28.92633697
39.23180859
45.9623473
33.99686243
52.27356257
22.22201012
44.16207361
44.14275449
25.32881119
31.83922762
32.5136564
32.55252378
30.18323417
39.953478
38.57984164
25.58743716
40.61610505
33.02466411
39.98784809
37.06431332
41.75503224
27.90708934
53.14225683
33.62864006
30.74987479
30.27908979
22.58776605
39.53792642
51.03349242
40.53918354
41.12787059
42.25967669
44.05423453
47.79945172
26.35343337
47.38552744
48.6057764
34.28188234
46.02237179
25.91468549
52.70390023
36.43363818
21.21269662
38.83383152
47.43420442
36.28871858
39.17803942
42.87019639
29.4995471
39.36679049
40.34537285
49.43726735
45.9183904
23.56553489
53.34168758
26.68840906
25.71758552
46.74365709
26.48593492
43.00335173
25.92847281
21.18237546
35.06626164
43.66765446
45.55652274
37.30694783
48.59104416
33.29059003
37.03015327
25.54899014
31.3357039
31.60186853
41.05228949
39.3217415
34.52200216
27.35715589
46.1803443
46.04006566
23.87424629
36.92846665
45.95518672
24.69031221
38.25020102
51.27902681
50.43919608
42.60286119
33.78832087
46.72684274
29.77886891
31.85999033
44.28857751
48.78528079
32.30162629
46.06034054
32.20033
42.16302587
28.81144187
27.03161568
30.47437691
45.1343572
32.85765644
52.03307556
21.84222074
30.54887327
29.10754789
29.53727685
48.72984566
49.48236911
35.19352062
26.96178923
28.10173164
28.43441234
25.15515561
41.83344514
34.13941593
37.01362472
38.25540343
38.98381798
31.57656394
27.18579565
40.84759516
23.52699755
39.81048274
41.71942456
42.57181682
43.73325756
27.34573705
29.57157939
41.81698916
45.54358888
34.12086941
26.63445752
26.89591504
33.92343498
29.81098948
46.3312644
41.6947815
41.99144386
27.96513377
43.7386826
26.02378455
45.45073394
51.01394123
32.52589361
47.83829094
37.31449797
38.60428073
45.76632428
25.1687957
43.04537639
41.13171127
28.26761007
34.25862891
34.27343373
47.35856854
43.49624989
32.64445954
37.75329753
33.5717403
26.85832128
42.12285901
40.06452844
30.09426523
33.68531761
27.00665771
40.38157465
46.89185664
40.02509249
36.64802144
39.3567272
49.37759827
27.94249551
29.29352314
34.09239673
20.35848247
47.10303602
39.38915319
48.72030339
43.30146149
22.69237929
23.98013257
27.26869055
25.57719369
19.89518243
23.91876798
50.22343822
27.05792405
53.20751712
36.22027214
41.60913245
38.51029275
38.58812374
45.28669066
30.29378353
52.50945136
50.85189865
50.63297647
39.22369735
46.10153714
23.49253402
43.42053336
39.98974899
25.8134315
32.94302458
51.55698035
42.12922468
29.54561778
45.66459071
37.97092907
31.656412
34.22712196
42.6415825
30.49996585
37.26689753
20.99126779
32.58246906
41.52280229
28.28903246
38.2280409
39.42601059
22.02632786
49.82929521
24.46603622
21.06423122
48.78495882
24.07767989
37.78565369
33.86317642
35.46651393
28.43603715
37.71445764
21.64032395
27.73897794
26.64934549
23.47011361
52.25530525
31.28846632
51.30368256
32.99653469
34.88270571
37.59291728
40.04859589
26.22547752
24.36428286
26.1640821
39.77543615
29.82296799
44.91404786
29.982351
24.80492025
32.36944594
33.68481672
34.46036827
23.20755333
30.17385213
39.44001163
47.92616903
46.96361893
36.08236223
31.9790022
32.61937669
45.03084296
27.48240635
38.7010861
46.94831288
44.90233825
33.13778405
41.09230009
23.80785553
40.18697217
45.85395008
43.67731181
49.37185071
49.8227215
46.01641792
29.58110421
43.55402312
22.5666167
23.7738431
27.01287006
45.32475476
44.3479428
47.63199178
20.05670916
38.9676821
26.04999145
37.62425283
23.71195725
36.33285252
36.87242324
27.32311415
43.68519341
42.74202853
47.66028548
32.94201133
42.70880426
41.82743872
48.38516767
26.42385953
39.19302365
48.44432187
26.86477534
38.72684093
22.04056513
41.14313011
48.20874583
31.65143244
24.58268612
40.83500449
31.51469088
31.81754501
21.73641443
34.32169231
53.2514619
42.30270741
36.31456972
21.19890497
36.92596027
39.71996711
48.60215244
34.41015174
39.64644214
42.88507933
40.54407538
22.52670554
38.01775821
35.08523083
29.40548435
45.53649655
43.53138017
26.91064431
48.0811834
50.2439087
37.73704128
42.9137525
42.46089857
34.12523246
48.07703067
47.07846402
30.94280373
40.89129674
39.16938086
38.53024904
21.61130973
29.79984417
32.73111702
31.99749728
52.59624102
24.04479657
41.22002467
32.27524031
41.29568576
48.25379318
32.46612208
26.30304353
46.62577246
33.63373199
23.47109593
32.30737002
34.8288486
46.44436533
31.85627802
44.48985187
42.33840901
39.16975912
33.76538697
33.1375596
29.53196777
43.2806588
30.71960776
47.98015296
22.95068159
36.80205637
48.51600211
38.37758778
34.99460875
36.98699035
47.89566973
36.40365472
44.42057105
52.55392778
40.49203439
22.01938436
36.33060537
30.19857502
52.83397073
26.32689888
36.12404949
53.57153464
31.14638861
43.27383463
43.23978861
28.9762332
34.480674
28.49832902
49.28374626
25.24557339
41.10225221
40.71757904
39.76062957
46.27207662
46.87178136
27.1591705
43.00639135
37.60564257
45.62137699
46.0820582
40.1130043
37.53867422
27.91950568
33.08030093
46.15634877
40.86298893
30.23839384
34.26812563
34.14344163
45.18478968
31.09927541
50.41993355
38.57599177
48.37651535
41.2064965
39.85745335
27.12528544
24.02428497
31.36009207
36.54157007
37.5395155
29.55581236
52.56034802
53.08146113
43.20261936
50.66154102
45.45660346
52.02140827
49.76261458
32.92248186
46.60461198
24.12428046
31.14886302
42.86712974
28.63456645
43.01105051
28.05226626
35.33125352
50.51332315
40.11306593
35.14827639
26.82421816
36.60478069
32.90724351
37.85039667
21.69784413
40.96763822
46.26710687
25.79844066
40.76390267
40.96273207
24.70957892
28.76765976
29.47049456
42.85880997
20.12390014
35.06310359
22.94590249
48.61062863
40.3010964
47.57455631
39.92814784
48.44341064
27.76881387
40.74202952
48.9343889
30.0244436
45.97911021
41.47876308
26.89484117
32.94309155
45.30516909
39.20385913
32.74167119
41.5669551
27.3795764
40.56759231
24.49048615
47.19538142
36.10809613
28.1461688
53.55281226
26.56067
39.85923432
24.79106209
34.81098586
39.3256663
42.87259396
35.23941114
20.92671098
36.05748745
43.97742411
43.58285933
30.66133469
33.97679717
27.10854509
30.2377897
20.66751537
24.30082715
39.40096502
28.84383974
35.34237142
29.58923489
40.40098044
27.39644922
21.95938918
42.42017357
40.15702092
48.29104758
42.74371033
30.43458176
27.75952664
32.17350039
35.75871917
47.08285962
23.86349
25.50956669
35.42356407
39.19452836
33.37374065
34.95625769
38.08062171
50.2746886
28.86625786
24.70257883
46.61775957
41.44960412
27.15168537
35.87208987
34.42219595
19.86403207
33.58490877
31.93315872
37.20209905
28.36077853
36.41808169
34.88448636
32.22462475
40.28946046
31.53043242
41.14438684
40.68723684
49.2602639
28.29361206
28.32866263
23.47794053
28.51098233
53.24506928
48.78075302
29.28418014
34.84941868
31.73267372
36.74200979
23.18961884
36.02246647
45.67558767
29.56678658
39.36407713
25.08129744
25.32018259
31.74321259
34.7234531
40.20454271
32.89898435
27.47893769
44.49434465
32.58723493
34.84646103
30.18943664
44.26303591
48.07954644
31.67528989
35.79868807
40.20423995
23.18135019
37.03719145
21.83309443
34.20530612
29.32893702
32.77394692
21.48321031
37.05525713
25.64879269
24.67774743
39.73037748
48.49227215
26.96852648
51.13328432
35.23757344
37.2501697
40.19349776
40.6905988
26.02765547
36.00751588
47.47863706
42.80471017
22.68786616
33.15079734
51.90222948
22.60545147
36.35401034
47.06339685
41.60497993
42.746037
24.64934766
40.09737208
45.52567625
40.59942495
28.80997477
50.74668429
33.02256782
47.54947246
49.75835073
37.68224552
30.54968684
25.29180344
44.71598929
42.71881311
42.00883763
36.02051112
28.09089407
25.96930627
29.93311122
28.72670104
33.98798708
27.6556576
38.91131633
29.45034919
25.86396963
32.79736207
32.52925146
31.79242085
47.22760342
39.04711688
24.60424908
29.24491887
29.41577281
36.49884716
25.23379314
41.989029
48.72730586
23.20862156
37.84403642
34.26843435
34.98004929
37.31719728
52.4267177
35.48149171
48.59257727
45.14946375
47.84001297
31.74703993
31.17463195
36.4884791
23.92734356
49.54558766
27.09706241
24.56889611
27.50550192
48.49040416
25.77754627
38.91803961
28.69045538
39.46355673
42.67267012
39.42993626
28.75619497
26.01416249
38.54324531
34.258462
48.97294217
24.66157635
34.99232396
25.70613552
40.73306559
40.78144257
39.74432708
35.6789603
45.29442324
33.90772638
37.69658068
36.73484135
33.68790317
44.78937351
40.26585311
26.1657665
40.19034239
34.01767547
38.63020627
32.90728389
30.05030499
20.19810955
23.31495168
50.29745024
42.75244252
44.23141442
47.87306325
31.82564469
41.72462498
39.46629414
37.35221652
42.71945145
27.45050867
33.66072675
28.02077328
24.88572233
36.2386254
37.46082612
32.47937325
35.5077417
22.47727826
37.52660404
29.08308327
26.39694296
35.18719361
33.54628454
30.51129047
36.97475533
39.49316373
27.47896779
33.97209729
28.86573679
44.97481673
48.89025959
35.06062339
34.41773957
34.12390294
47.20988658
26.97060901
48.35215312
29.3762593
32.08836102
39.43122927
47.69512206
32.87687599
39.79083874
44.98353381
30.22811206
51.49887903
45.19200498
35.40787878
33.03922512
29.2018702
25.78542453
38.64448915
35.78999496
51.66132671
49.34019453
52.49355402
37.20491146
36.5471296
33.3072898
42.59623387
33.0440548
27.21368627
24.07745515
28.45833549
53.22805168
42.053569
50.90348576
27.05088198
36.28783816
27.9131961
35.40903372
36.6452586
37.08174887
33.11227463
30.31445467
38.98129069
42.99858991
41.6664661
26.54627426
20.87957542
38.75816811
30.11870861
29.15977174
31.38127143
34.21505503
44.30000388
22.1625182
36.39744983
41.32849627
48.66822902
51.25938836
29.05652823
45.51362137
40.91263688
32.69316019
23.95568296
23.51462095
37.81241415
47.68176499
46.40927585
36.19512371
31.8206394
39.99648201
39.56790516
45.25901912
30.92257079
28.67701765
35.77097586
52.66271149
29.8200823
48.30961622
24.51403227
47.76565652
46.35447059
25.49255498
41.53275481
38.21374192
21.6225376
46.14324952
34.27916178
25.57465592
30.78584346
40.12349294
27.61212162
32.42642724
26.40589577
23.1341886
40.58801549
27.89249707
53.00247516
23.03351833
39.06015408
30.40690558
39.73124814
47.04530313
45.39192569
31.74021013
45.03109425
29.52066814
25.31230502
41.28090027
26.57323711
31.03219526
43.27867538
37.32543555
45.407802
31.61568885
45.6866076
44.34392641
34.80415875
28.59338222
25.75699366
25.36449357
39.347037
30.10544852
46.77552825
38.77733989
41.1581737
51.06790703
33.26658628
43.15993125
31.24635816
22.8069296
47.89171434
29.83725911
33.29843146
52.06698375
22.8769527
30.10798363
42.83372652
53.95328659
30.89415603
44.86217656
27.98149789
44.25093053
29.83159985
28.40176104
40.80196
38.2834946
37.03722329
26.44426063
37.06048402
27.23190392
36.71575246
27.81790556
26.20926389
39.75520463
26.73601312
43.73664882
50.8473175
41.40286882
49.60801871
25.24093042
53.92257655
21.51055388
48.46275145
20.87647579
32.35615701
27.7719583
36.82295449
46.9537366
21.79844987
21.22736003
27.23580758
29.95773836
53.76680954
41.7717012
41.76557211
38.50493352
45.98411393
37.2327016
23.63982792
42.56681195
42.04524063
47.20578777
23.0025527
27.09148741
40.27577549
39.65806392
26.83293091
33.9167379
26.57529312
30.35857429
50.48286739
45.39532099
39.55573562
42.77621946
35.69047739
45.17537992
35.62201221
39.70032192
42.86051151
21.47671892
41.67207123
40.77222129
40.01207535
31.33924875
29.51318353
26.7920187
37.66543486
42.11528798
43.21075649
44.29431872
44.22167078
21.24399666
51.6129185
40.26566007
31.28288128
43.23808475
36.83205728
50.32889256
40.48574594
48.63142965
47.53412473
48.57935514
23.80249832
42.52479089
54.35016288
38.88658822
23.17463966
30.60911557
30.38472579
30.45962727
42.05125396
38.61375579
38.37248323
41.61253043
30.83102166
35.98947158
52.58604249
43.3540679
27.26884049
38.06801332
32.7658838
36.30647301
37.38504724
45.28537672
33.97124684
48.31248769
35.26327788
52.53799241
39.22567802
38.56131105
27.42025599
26.69366789
34.24189052
38.9094167
40.2399018
42.96650732
42.28813188
38.61610621
45.76289835
54.29289819
25.59658776
36.03378065
35.07082121
32.89813521
34.00935628
41.30647775
27.68444215
47.07562961
37.23972187
28.69505416
47.71535915
39.78878048
31.48064667
41.39803983
23.6999501
34.73570116
43.38100143
34.51506871
28.92670095
36.09460405
38.55589132
23.85270414
22.61936752
47.21381365
44.15137986
43.54160579
41.92025567
37.3849696
32.02215702
45.85175783
44.87868698
46.79949431
38.59129292
33.38390968
22.4954178
43.65749983
36.6815674
33.94776409
34.37700254
19.93121797
41.27779677
47.54098799
20.9902366
25.5651759
23.86894008
33.50483824
31.21913799
33.38948709
30.76287945
44.40169794
31.51696398
52.39391941
39.59748776
38.63379957
33.58708485
40.17258329
53.67672223
41.76127593
27.594996
44.64407316
36.18474478
51.27851535
39.07253378
41.00703111
27.71955746
49.06838209
37.61200277
48.97868772
36.38054521
42.27487167
41.85445665
37.07968072
51.86998755
24.76926837
35.59283895
38.79704796
35.68184779
33.42336959
41.40857479
51.89286628
42.96538557
45.18936146
46.74757035
44.22483699
28.71104056
35.90958245
39.07873085
40.77369116
47.71944132
33.38405661
37.60281517
52.22127663
41.96289423
29.10665061
47.17941868
48.4689589
49.79272494
33.05690324
39.82312883
36.82484906
41.23769086
25.2339888
30.74531799
20.50627106
41.22764517
25.61750227
52.77413312
25.11887176
31.1862493
31.56763278
53.21897168
27.59864062
34.29535281
30.35998025
44.41471382
30.46293018
36.35850038
28.24584788
36.56544197
50.9867149
41.37232068
31.14763337
21.99084472
44.33242696
39.45842401
24.01430507
45.52894228
32.70330621
32.84696327
32.37579958
35.67478499
38.60926054
30.39830546
50.64456487
38.19533483
53.97333482
41.2415941
30.58636641
24.37568841
38.1645545
23.53779833
38.57795232
43.86573627
33.22767958
45.83626513
26.92113083
50.27466186
21.73677151
41.27109553
51.74325894
37.15575279
31.53857234
23.58989364
52.09992906
48.74148896
28.89266779
51.75850991
36.07181072
49.38888882
37.35194121
47.60493617
44.35834369
48.20070389
42.91623074
23.74301266
42.44961446
44.69398484
42.01639515
34.40767584
39.89984991
38.31672436
26.77787829
34.64174808
30.74356367
44.81705149
23.23821669
42.59274174
29.32761583
37.54651433
36.5158968
28.61772069
40.95440925
26.06563433
29.1018445
23.3280872
38.55869628
44.95789526
47.66922877
21.14863182
30.13035206
30.80112527
40.85194236
29.50123119
24.84357187
33.97447209
32.82320651
32.75940745
32.53412985
31.33020481
35.38683665
50.77350075
36.01877427
34.15386348
51.34202119
37.54337584
47.52290972
41.70526432
31.57281763
40.01466865
20.17841024
30.63122458
21.85948852
45.27087879
48.90982641
44.79764101
33.37513829
41.21333959
34.18981308
24.2582662
40.40512526
50.39000896
30.47160461
46.06687475
46.06703979
31.8932212
52.01301147
46.70595305
24.78357389
42.14046263
34.10699498
46.39743113
51.24685589
48.52830874
48.03423532
35.97662515
42.34443632
37.06713887
37.43278026
28.91714501
37.88880045
46.0241045
45.27482864
24.12961818
50.09626218
36.82673955
38.57695472
39.19799402
51.52175489
27.12089672
49.93119743
21.866195
27.67034548
28.72283929
52.95609144
30.976461
34.16635359
53.7118453
21.45764094
28.91227884
38.84983424
50.34183743
47.69707851
45.95775986
27.36518769
41.14788379
35.86466353
34.47731412
25.34867426
45.61744884
36.05131235
42.36734426
42.0943522
35.27542857
34.74747924
38.96450133
43.14749729
35.28165134
34.8206575
34.36630048
52.64797309
27.07734382
29.39719762
36.33098942
31.60352659
28.41401899
29.59733693
25.94608914
23.87455087
38.68901243
39.50701558
49.72071003
45.41021153
36.56975463
49.29497197
28.13637136
41.97920645
38.33532056
41.02285702
21.92782421
37.01129342
47.41481215
28.34559218
43.51013536
27.80215401
31.7494391
19.90621538
26.23900697
45.06178265
35.5656416
42.14963611
41.95478543
41.51424956
25.07140567
50.73738715
36.49269106
36.04386763
30.25340574
34.10076082
27.80232977
23.47684487
33.60697578
49.46615433
40.54623242
29.14062304
24.30129537
35.06930103
29.2712513
23.2996364
52.54163182
37.27510147
49.61256518
50.72720487
23.4185214
26.33701403
41.42675409
42.77484994
50.93671733
49.8594011
39.26333505
23.72636645
24.46638587
33.17233264
49.79006038
27.54413675
49.78742142
31.26055507
45.6456199
29.35570731
21.30022146
39.62091772
21.58538698
35.4791207
44.21410276
53.50357392
35.9946156
39.11584661
24.31071743
27.1337997
28.46582472
53.63239637
34.39488641
50.46974801
32.95579976
30.07343256
39.94081407
28.2746675
22.47292094
37.95341557
51.42293861
51.05262307
36.14578971
35.01220084
38.9597648
28.88730424
45.64904971
47.19533505
29.82110025
27.40259096
29.59478025
40.85124602
30.48293073
33.26280595
29.15412998
40.01702099
35.80242908
53.64186079
46.66013894
38.28955572
36.89785505
52.91466337
32.25834112
34.00055035
22.97263062
47.02692318
32.44846457
25.30806729
30.64077906
21.65325808
24.88991797
26.68231667
41.50091426
40.03277329
35.86773499
20.68975617
26.18117073
27.68805967
23.46944355
42.10417078
33.96755638
36.20575497
53.01486206
41.12904499
31.20855412
23.99963028
52.51241916
33.64980137
34.57465753
45.1687004
42.0927634
33.93584954
37.68732789
38.16168529
36.8577129
33.77485543
32.51706592
25.830822
39.44791515
48.9034064
26.69809264
33.98170488
33.04011357
44.42970732
23.44610641
46.6307261
40.18789354
45.95931054
38.85492714
50.48092371
35.36442868
45.54921127
37.24564709
34.99253909
24.10132384
27.6552789
53.9761556
28.50867355
43.2475958
29.0066415
39.86918548
22.15352862
42.098907
47.96030664
45.12879787
48.95065838
40.43172878
51.94946084
52.12527726
23.47938259
25.60376233
23.30760404
36.24523882
38.61063743
28.37079365
25.60940099
22.84857184
42.67042815
33.56749136
23.31365446
28.80105556
36.81684006
35.44522945
32.39551978
43.31254413
27.49254368
21.31410845
35.97153917
33.57443771
27.86169771
25.79550532
51.45903049
39.73169732
37.27562534
44.61106065
39.6982208
35.208156
45.83719673
20.90921162
34.89259831
53.98980971
31.44604567
29.40889079
27.41852163
38.45968531
28.73032317
50.63923326
49.95113396
24.10645345
42.30406284
23.75051442
53.00611853
33.50276331
37.80814701
42.66045461
52.281351
40.64009446
29.12093197
50.28998492
32.5383314
23.59331236
37.29294309
39.44889797
42.47807762
36.89633601
39.13121678
21.08504278
39.28323875
28.51072222
41.60723492
38.98078587
45.66315493
28.45752002
47.42322011
40.78012771
31.23932782
28.20402059
44.92352026
37.52512177
28.72346579
39.39143767
30.49442566
31.19851274
25.44771371
46.27377734
44.08240107
45.99985626
49.95254749
35.74172731
42.9738782
33.32235152
27.59237417
45.48941208
46.49482755
31.45975217
34.08707238
45.87697369
32.90479577
33.80787613
50.28959468
30.5491749
44.33725643
25.1179496
34.204032
30.03330103
39.06022368
45.62223359
39.10969889
30.66373942
30.46648779
43.61855046
30.72462387
33.15716122
54.28920435
33.56059381
26.61403251
27.35451398
37.15194926
42.54804891
30.96848766
29.26670538
45.35536793
21.64282737
37.65864777
37.97933449
27.03953356
38.1727324
48.92539302
54.17164748
43.13199024
44.09711822
35.45408405
27.24737803
36.31535583
36.28779112
43.82598633
41.06865783
39.47134984
45.38367141
45.01741726
24.75156574
35.00100849
33.56462928
28.2036689
24.77102577
34.46430317
31.85399363
30.41351499
35.86436119
27.44649138
45.70609152
34.92630478
38.51320642
28.96006601
20.10652627
43.94396413
50.326812
31.21934237
41.7101332
41.59374795
37.61416828
45.99427837
38.45046084
51.61727239
30.1109428
47.52160511
41.52199158
20.7084731
35.71638812
48.33962952
41.02945605
51.37958634
29.43013048
40.34911638
49.472466
35.78171008
27.29859281
36.98072802
40.42152276
32.83166058
33.1904387
45.07740853
37.80290549
43.29479931
34.20718749
45.92254619
45.05176894
51.02289378
27.87862685
35.71694359
44.47294393
25.45071937
51.68087996
41.67506986
38.94583151
37.35818937
48.9189769
34.91204569
46.94936306
29.22913173
42.40251581
35.44592445
24.37625099
46.50047676
48.78178131
34.54494968
39.07337084
39.81618561
35.37654613
35.40724327
47.44909326
32.84688573
30.74348806
29.44859285
48.45976537
41.24978126
41.56986558
28.5544501
33.73001298
45.49186171
25.16661724
32.97814523
34.45879226
29.57331874
45.31259184
37.04015685
43.20828583
34.02114672
44.56332639
27.51090357
52.74380403
23.10080017
31.73017714
24.78425416
47.17855457
25.26929679
28.03217368
20.3220576
32.81906498
45.39549745
37.51892703
41.86926967
28.62055753
39.3755898
22.30193681
27.14266871
40.78151966
48.75286251
34.84916628
43.15939099
36.89079786
49.39547677
48.13495537
53.35109601
44.9946537
27.58897297
48.67334876
28.67265837
46.81420311
34.32469833
29.54901052
54.32247352
28.87901796
27.23164301
47.67770285
32.29404027
36.1856214
45.58328079
52.33185826
45.02416135
20.64313197
42.31339768
23.23655709
50.18560835
37.11037503
41.62719701
38.05709814
38.04137224
36.11689217
32.22797825
29.53222531
24.78104035
30.09450955
44.10449159
44.41773671
46.31037566
33.58763073
47.31813952
31.38444671
41.53887328
21.95816645
43.42709426
46.01813297
46.22037176
51.97376248
53.40280205
29.33670984
45.0633969
48.3955308
27.43446325
50.42063636
45.72636824
23.68258409
47.16316429
35.01586819
37.34572558
27.97336368
26.52846437
33.2866429
37.3437534
46.26086925
27.61788917
28.54083668
25.54743372
21.82795841
40.92255572
35.4534814
37.93773016
29.89723895
28.78314626
52.87518546
30.29709043
49.52421968
36.30278219
39.50973296
40.02883626
30.29693537
22.98419295
21.53321217
26.73668263
42.27722181
33.79950422
29.39378717
33.46232148
20.20551363
43.29390509
49.10272644
28.84134414
37.47351909
37.04426262
44.55918386
45.6344139
34.7285615
29.60709076
30.07289116
47.54225567
19.93010825
32.9342399
29.5152938
42.78824318
23.82516039
36.37280144
41.12872634
38.16587345
36.84797622
26.74668348
19.91481894
35.14383965
46.36731622
26.34713061
39.01111469
23.69912961
32.38035644
41.367339
27.98344771
40.28380422
48.34427037
33.85046531
30.24717906
43.10727423
39.38894945
37.36449473
44.56969214
48.89184437
44.36059964
44.0376299
22.63571391
49.32316938
35.10109381
23.76289016
20.72566413
51.32235089
40.91552163
35.40687948
43.5785763
40.62934434
38.68405376
43.53412716
29.66992077
25.71020846
31.06757241
23.01470725
50.44898969
26.46744037
31.08756986
33.0075937
36.91291556
28.51368607
43.30618802
44.77675066
49.47949284
23.05843194
41.63605825
29.90818841
31.87137134
21.88280939
35.76667308
40.39929714
41.18132967
40.00422965
48.46264561
48.11782682
53.81465519
31.86471146
31.36982088
27.90224115
45.14383829
31.09963991
39.45965762
45.67556567
29.27052359
26.78827351
37.86273824
43.29828582
45.77841173
31.98621821
36.5914321
24.52266584
35.5622313
35.01438806
28.35064724
34.90036037
36.70808865
33.05054007
23.17459721
41.40968125
27.9071158
39.97113117
25.26745157
51.55561077
41.73433555
37.96729381
29.27134833
25.18933655
24.9793928
44.54197112
26.95593546
40.4318072
30.06666783
44.39756495
45.16024775
38.4821927
53.85611863
45.78232324
42.67990363
43.06194336
43.82171843
28.3881169
37.18163681
42.57082996
33.20859392
33.75105665
45.01014099
40.9788336
43.08841808
41.59396009
43.6004319
38.02222396
33.87043698
37.25137414
40.93361554
44.16868889
32.80563953
43.4555575
39.93628075
27.17747309
32.86033128
26.87439557
35.12983178
21.16363013
40.03102704
32.94896569
42.14607936
43.60937536
34.88702779
22.94585011
36.87324981
49.65387413
35.38565822
36.80887882
23.8836307
51.12874981
48.36969387
45.48174464
48.30611819
31.51635074
44.54411632
35.70504343
30.79441807
48.62604788
25.11695482
35.82619732
44.20026909
45.22588258
41.2718146
32.35986314
52.01851538
40.52842046
39.59729711
48.6467642
28.4998381
35.99842754
41.62743139
33.07525644
37.68674441
31.85538702
37.57355461
26.13568918
32.30168952
28.79599951
26.69520406
29.69291651
46.68376314
33.00289043
26.99375848
50.5756895
27.40640961
37.33588378
35.26068241
36.58141431
28.84345516
42.66316251
28.36869195
34.38001493
43.80339306
35.94533645
48.61465093
39.66974511
50.9234109
43.19323517
48.87597111
28.37801325
27.39818137
48.53142095
28.25145197
49.0229428
23.24511739
46.16812382
30.11380845
44.5921002
33.39460661
46.84919134
21.45927613
35.61441804
38.20495128
37.67531858
27.79738782
32.54120555
44.2130533
40.22747554
37.01833279
26.90369612
36.76348814
51.00904275
31.98989394
49.86593839
24.5233845
37.87553103
33.75265829
44.23430716
30.82127437
35.20187368
47.14706468
24.43168111
33.41118969
43.70967576
49.96502739
24.8460983
45.06050971
45.09391261
23.93035379
37.49447234
34.74387309
44.68926542
49.56594247
37.777395
37.44404287
41.55882105
42.21032888
51.11450301
37.87787795
34.65425643
29.10186449
30.40700575
31.25671586
47.61205912
29.40377954
41.13656211
36.95340353
29.31136308
36.27184258
26.21818171
40.81876333
40.2459832
47.13784822
51.3492483
45.0862948
37.80402801
40.84083196
31.48147292
28.98201436
30.26783076
24.39864657
47.71494678
44.96048959
31.16886121
41.33664419
35.37365057
40.98858528
37.87868644
38.68259508
27.83185001
32.8682797
34.17664831
33.89347373
37.14731028
36.58863532
37.58195206
27.11943454
25.28139649
37.63716101
41.47569135
28.29678729
33.20212959
39.01989819
26.50090598
45.07150677
32.51810372
35.00352019
26.60112354
25.2873963
42.14467279
31.67888748
20.22522568
32.93740763
45.94038507
48.1333017
29.36488819
45.86030025
33.29634411
40.56595252
26.26576588
39.28483389
27.95922471
29.63540835
25.59202573
23.9859969
29.11129879
44.63622729
49.55812697
47.31179433
35.1288121
40.30936132
37.78906278
50.07993971
27.00243355
33.63932618
39.80882036
30.98583362
30.71860243
47.2701128
25.49293804
40.78365403
35.93378951
36.15325407
44.05590738
36.83223252
35.19446977
27.55377765
44.91629384
54.26850941
27.77201696
24.05804779
44.06726328
34.38652331
45.92885075
21.71794752
25.6393743
30.69828928
44.91534766
48.54248175
20.93749739
41.78307757
47.81984241
40.32614401
42.14147877
41.22097426
35.85378698
33.96511389
20.43271579
39.7257596
42.29797899
34.54186373
27.50270583
21.28491106
33.85513791
37.79539926
46.71361001
49.03444998
30.08933352
38.01033118
48.72885444
43.49059696
51.84485656
36.11796642
34.09291043
49.43744201
34.56734045
50.62033037
23.53711526
34.89387797
38.92785793
31.11694396
21.3935295
36.0503524
41.58966641
44.1076944
42.24856449
49.22103308
30.6069762
45.48213262
35.01506108
22.40634626
30.9922285
25.5344895
42.738515
32.34171384
28.8399297
29.15950539
43.70351783
44.95039589
23.97813921
35.58247376
37.22394789
35.04772485
52.12218017
24.8251986
22.96511924
20.14289386
50.53290317
27.14255384
33.83736101
32.19382433
32.35758071
22.04506451
34.49025457
22.77503719
27.78843518
30.8224709
24.97532447
46.25088539
41.18860395
32.20507932
42.72515048
34.92361869
27.03424351
23.42889452
25.09542151
26.20387606
46.22030334
35.492438
26.28894694
40.68603274
47.47889433
47.03488993
38.26149818
28.36526797
52.18785988
41.82956264
42.67897512
49.06972774
37.89152816
42.74287139
45.72465714
37.90212671
28.89989387
27.62446013
39.18410734
45.55232232
33.26205531
30.23745824
30.14938992
35.72185387
40.52110197
44.16829471
22.31724208
39.01465979
45.86061101
48.79957771
24.75144038
41.5729772
34.52462803
39.69404976
36.73558038
51.18408219
29.03072635
32.09609484
51.45354588
49.85933324
33.5357772
34.46621241
22.75885271
34.73166378
44.3922381
38.30463739
52.11369337
39.66624161
33.71976741
39.67147802
39.13112135
52.45413263
30.55788959
37.88350377
39.41041956
27.60289835
24.04272407
39.09546884
32.53838838
40.68562655
44.77924336
21.90421666
28.56339403
42.42097425
47.44574965
29.26307449
25.28264655
24.59149213
33.39272996
47.92044769
28.2009831
41.18279422
31.41290474
36.75537882
22.58236283
22.34040827
47.7257574
29.84984944
24.36170429
21.18135283
23.3003461
46.21030585
27.58594906
26.6406255
29.38012203
39.19464996
40.28503099
50.65728948
30.87239335
46.27667157
49.20340366
47.89240402
26.84019555
30.86102294
32.95392214
32.88674727
35.88693733
47.4819898
47.55233139
46.31487896
33.44425171
36.58356798
52.78887101
26.97557324
26.1943764
53.51292993
41.86941592
31.97624474
27.14845447
50.76326166
46.13811921
32.25104841
34.1973927
30.16447654
36.61151377
43.9094497
48.80638424
22.06534108
23.16116816
40.77290644
53.22642241
27.64670705
34.3383611
41.79343283
48.81189755
51.7215028
37.02298483
24.23510322
27.91290019
44.67209977
34.59470123
28.57965164
39.05443332
38.98732741
29.56647455
45.74767906
50.69358146
38.24076889
23.84435586
28.61588251
41.88051417
38.43631771
22.78336557
37.59884561
42.02211958
40.16038687
42.1775765
25.96988364
40.02578886
24.78992191
48.56579028
37.47444279
29.86950492
50.26738
36.83277423
43.37407023
40.83971645
51.62156081
43.19565435
47.49473647
46.53244254
44.47197681
46.08431708
51.19923713
40.06699374
36.28746876
36.00364117
37.23166069
35.40856856
45.45404921
27.15382742
31.96918694
23.16460418
37.05606141
33.68604969
39.82663981
40.57999299
20.41909134
33.12598079
42.38499662
23.48284837
33.64999121
50.16592486
36.35188591
37.18452626
32.6079227
36.24785583
24.68483438
28.35075929
40.33500639
47.03190478
34.39512004
47.4446135
26.60044836
33.52084892
46.98198026
25.75142168
45.26964175
27.09589654
37.92188625
35.28742107
32.57615479
42.73599814
45.86715623
35.80714818
24.42436386
43.24673452
23.27391805
41.09442666
41.7009096
33.68140287
42.45875547
40.05417542
23.16798621
23.67829678
38.44408686
32.92186645
46.56509402
40.33992557
21.52564711
31.62019908
52.6567093
42.42064643
33.44241376
40.28325094
52.46009684
36.46236344
32.67848007
40.00623509
34.55712912
38.84007242
31.7960998
33.44655961
24.23664488
48.82192599
34.51514624
47.34670831
21.3601239
39.87825916
25.00627754
35.60235019
28.19491883
50.70251251
50.10711904
34.97627599
30.88109572
41.73148431
21.68797567
25.80548506
33.26828497
33.60142462
38.49750019
30.04616453
43.0108048
23.53701565
47.50614057
25.9137322
38.96728469
32.73472541
34.97252388
25.79376779
46.29556428
49.15905722
47.5675087
29.84673916
40.7748328
28.22494304
50.2302681
36.07586716
36.64892706
52.68170202
33.50139135
31.11006311
50.24516274
29.78220538
46.40605719
32.60956084
36.45185286
36.68335656
45.04187488
38.51667945
38.53578252
28.33501339
47.09496039
34.02476993
46.42926523
46.54709795
22.37920869
27.8447035
43.37513665
48.87683246
35.97080349
32.32171904
35.41843703
43.64373802
52.34971396
33.31460869
46.84861228
23.53785401
33.62200167
42.5450277
35.35967131
34.12313469
51.37522831
33.61320933
28.63753757
46.1352927
52.24947692
50.33688934
26.72576807
24.48204581
31.6927658
22.07797602
39.95016797
44.19244087
28.29119582
21.71971268
27.80903204
27.0061789
34.25802761
32.6759818
43.90909534
28.32283507
24.5834646
27.14843679
32.78684417
35.25103078
34.98297079
24.1470606
36.52029983
30.92875227
46.55060637
23.9514296
48.46501323
22.33525451
37.99453503
28.32439237
25.58886452
52.3437426
35.30929503
41.60487406
50.15341787
44.44544834
23.66438402
45.10154973
49.00373263
26.85739782
31.63283629
47.40597882
36.45810412
51.85730911
25.48509078
29.0812773
25.78877674
30.53728888
34.76062404
31.22324618
28.69450229
44.45626037
41.53527269
38.83253487
24.32907336
46.81421645
37.37806681
33.52577032
47.12765156
45.37111037
24.57198353
26.02269039
36.27373448
29.18258205
31.51323623
39.8804409
36.12541252
29.54775435
27.59425474
22.91940976
30.7184658
39.91577461
41.16820911
30.65697366
33.22536301
52.191799
49.02831629
37.01904342
47.91333284
31.12493012
33.02843178
35.69184009
48.85879904
27.41071159
30.45136707
23.12512042
24.9192967
30.97019069
31.50490383
25.24380281
49.05342254
42.5224253
43.36455688
42.17025073
47.19631496
31.62543101
41.35304574
39.44093948
34.4937579
27.34321616
25.51914627
34.8845852
33.14248471
36.68970481
43.12968427
24.94819092
30.75797498
28.57797673
36.90198808
38.57858835
27.24284301
21.90172096
34.96673582
39.28887277
45.69101089
31.40691013
24.04079504
53.60207527
28.80235792
30.43098558
42.02387549
36.94535828
45.49244029
42.7824309
34.20073959
35.77677464
30.29892543
41.96026715
36.86936568
32.05714331
42.87250044
50.12321965
37.08608161
46.19031885
28.12325312
37.76737525
45.15119472
35.76646863
32.09814714
53.77058128
30.60664725
37.36735156
26.86327718
50.18613087
36.52711446
21.38800021
43.47630018
36.34673929
44.45612609
37.62629374
25.48008242
46.76374287
39.97316576
40.90969501
31.05848846
44.354825
53.94250999
50.71626382
44.93398102
39.26524023
36.58554703
27.93426021
27.41410594
54.27176051
51.94097137
29.53325722
34.8332778
29.94820127
24.19246369
37.39412086
25.38412339
22.94947586
43.15075894
51.32418362
42.2347423
40.79683575
21.85965041
40.55752981
32.44235969
48.46036333
50.80361283
40.73480381
37.27898794
32.66690861
29.43126252
50.19748797
35.43714129
23.33485181
38.4787622
41.30063818
30.04594659
45.25700996
41.7458484
22.46425418
28.38542575
23.63191732
40.29750834
27.10132731
38.88322676
38.53843117
31.47775336
46.89972634
33.29220419
32.49117341
48.83325309
41.61752943
30.67789073
48.16648702
40.43344393
29.09742339
32.0941596
48.67082741
27.78681892
37.73754341
38.56070303
27.84715787
32.08141363
37.65701927
43.3764864
19.86815843
44.3630652
37.95546105
28.05114202
30.13027269
42.01805834
33.1033973
28.61060918
50.47231932
40.88610148
43.99660897
45.68310058
40.53410597
33.27627955
25.66453151
35.23273267
21.15026591
33.85263941
34.51686449
26.83073266
43.59770866
39.22970611
21.01108298
31.24281986
46.7271222
43.70176294
23.35691827
28.37910176
35.04009547
32.2673318
31.40418665
25.50280325
26.87597917
43.631208
42.27828494
20.88576038
25.15705873
44.80353718
25.07917929
38.69227824
40.74264933
44.48605962
45.69389442
24.85849334
46.4092583
35.03213551
24.15471781
26.19786607
48.77296764
50.11309997
32.98635019
22.84781022
46.80423667
31.79408891
28.7910269
37.18961703
50.58997336
39.20472305
37.7150961
34.51842037
46.66069397
49.00522832
29.12003085
45.05612075
37.84073634
25.55940348
43.55721298
32.52412623
38.8209356
39.61756386
35.88525762
37.81623898
34.63232829
30.55841028
41.85298218
44.42691643
46.44836347
48.41497757
36.96215636
34.99102095
22.98014679
35.07430667
34.71132243
44.55263726
27.73659219
46.12853974
41.60339052
29.03543499
20.57125862
40.87435236
51.14403666
40.9110938
32.43564171
44.90062326
47.96097082
26.37315018
48.02884676
43.74993774
25.3674314
47.34697775
36.22618146
35.02903108
27.88612761
36.5000961
33.93942633
38.90631702
43.61889738
34.81304157
30.13939541
39.33809368
38.68763575
46.06446076
29.21090318
49.52300346
36.02601675
38.08658633
22.45886116
29.79939588
33.32146225
50.59922065
43.41681443
30.68740667
34.70515934
35.16798727
32.06426957
29.21617264
38.82625372
49.09835897
28.99281803
34.62900079
26.51179859
27.34270955
38.57088266
38.93908694
29.36255408
43.72554165
42.91499459
40.97453393
33.19944245
38.44414286
42.30017427
30.84250808
36.17606951
38.1799428
27.09328022
27.63238145
32.37277103
19.84610368
32.78337397
26.22290119
33.43877441
31.24087006
41.29854726
32.17823366
30.91716971
34.90011312
50.36370603
43.20662194
48.80604096
41.65580201
54.26352153
36.93234814
46.42774931
40.12423448
28.23966103
29.82054373
29.93302494
22.76439716
20.93940525
41.84838113
47.21278573
40.76439946
21.44606397
32.03735657
40.36766299
25.98575004
48.34017067
40.80045531
30.9640735
35.86422648
44.34930381
31.27979393
47.30209873
44.63287038
29.1527515
40.47538489
37.71642621
33.54485429
36.6471834
29.71487608
50.29536255
39.48654681
29.87735745
40.60969106
28.79747502
24.97605962
31.70130547
36.20479176
48.06100602
25.16494012
47.46283727
29.066788
48.15978427
28.21432416
44.05422639
28.74382121
31.05115367
22.97475751
24.0938525
46.67504004
30.66113064
28.40809589
21.59917601
31.02452524
50.78010706
27.78472306
32.10009291
36.1949776
38.48120384
29.20712166
23.98059266
27.91926891
49.57064611
38.61401676
22.40544048
22.2748518
30.73263677
20.8993887
29.63462046
38.15148594
34.94212281
25.81543912
45.09974524
41.72885403
37.72071406
41.53087871
24.41316848
30.56257665
25.69800906
28.10830897
28.3628438
30.05275889
41.77912546
45.16603702
25.14162612
30.68274093
45.16673472
25.32238788
37.47015031
34.27364566
38.1771233
39.48064705
47.01083424
20.56121309
31.11687269
30.58691267
32.66944097
39.19813228
35.82598496
51.4859812
53.71362602
25.73767903
30.88549709
40.64043586
35.54460326
44.08255369
49.29655689
32.1818168
33.99951636
31.1845632
29.7861579
38.7276213
37.3638578
38.75069455
38.17528601
27.08668858
24.45772543
43.11006835
30.50088678
37.36025956
49.9847291
40.45371666
37.16786692
45.68757013
23.95077623
38.44847887
44.67900379
52.74224989
41.21506466
50.47556469
42.50587457
40.9368657
39.25124559
52.09290313
27.30281946
39.80335238
47.0897165
28.91663253
45.54467806
31.39218495
41.81250642
34.43556824
41.27630056
45.77151641
45.44338262
31.49916663
52.16771545
43.19344488
28.48114581
39.1529035
33.96834146
28.62822533
53.19521015
35.27111532
49.87300559
51.46340989
43.90872966
26.20352316
32.22333432
48.60138859
46.80683798
37.43000699
36.45614181
20.88096771
28.72267589
27.00246364
45.77662287
24.72704626
45.69821909
27.06222612
30.47387109
30.47047745
42.50789592
42.93961614
34.34750005
26.38221835
49.75290484
42.61458839
34.94650745
32.44066167
48.83297893
31.8162341
43.41425324
40.12675822
35.68980234
31.82009227
44.7234045
21.68457168
37.91684417
41.44308932
34.32266208
22.97959889
23.80302544
31.6577198
21.92018857
26.95217589
29.90873647
44.95767703
23.34125803
44.04653095
26.22613774
48.54677142
24.84064351
46.19453086
26.27813702
43.81154378
41.80370649
34.76480214
36.66187362
40.61139599
31.02640209
41.90309972
33.69293764
32.72355269
22.60079348
39.67666561
34.74482514
47.52559907
39.02632235
33.88441053
28.07588286
33.63477911
45.37431519
35.95702621
29.12340889
47.80555451
31.46682674
49.58629506
47.02997008
30.77258347
39.05138681
34.73146298
25.36844011
27.79116423
45.868972
21.94429837
33.3703845
29.41477836
37.58929541
46.41155276
47.45717326
42.72438592
48.18991339
41.15912312
27.17234378
40.29650333
39.91503726
28.45360922
36.71697997
28.2403035
37.61124322
26.5469076
39.76062224
36.56774536
50.69624413
45.94530652
47.25342191
21.78370469
23.85833372
38.55229207
23.22619936
34.57826309
23.84508101
40.04336506
36.34458541
33.0491331
40.85257431
50.5478446
36.27745109
37.23133066
37.73120898
20.78388098
49.1305219
32.57000495
31.36370067
40.34939934
36.35145028
40.01000192
41.34899064
22.74846641
47.95988015
36.90475561
49.74265633
32.7259376
33.31111906
44.79488468
37.63873097
30.76892872
35.44810902
38.83608879
21.50687517
38.7258447
38.68657602
26.6301834
28.03210027
43.59716103
25.68141257
36.40069863
34.10038872
46.98565205
39.71474437
38.88000227
37.99711083
44.29675577
39.53699322
52.1195388
30.01149962
38.01045783
46.78826806
20.37063777
36.58647739
33.96516265
23.26177665
45.63253097
38.31370039
47.24017975
34.51944531
38.33454643
28.47920339
51.43608907
26.59180369
46.4654356
28.71223009
40.59101506
34.67597267
48.38020194
30.00864999
28.29362375
48.15158064
35.85795042
23.69340779
32.71879775
38.01925123
28.37591169
28.81936347
32.57882806
38.73592074
29.02922261
45.47794867
53.04498876
32.05207173
49.05842373
42.42750298
32.5339832
22.02121757
22.28074195
31.65538781
34.34971465
33.55539929
32.92438947
22.47704046
44.88911124
47.5425468
24.58708977
33.26335997
33.87893916
31.12810856
38.2287713
36.81593544
27.93834811
23.26250293
43.10470201
28.93384058
52.02016506
39.33951783
41.55255963
34.05252576
48.61471568
41.41736655
38.22397142
38.42981748
38.17537492
36.32189173
32.86020269
27.80831271
45.13447092
43.91509865
50.14221351
33.0538141
50.55201716
49.53769331
28.70344813
35.51947548
22.02055365
25.5924026
46.83577844
44.05036597
37.76749711
38.12876465
24.24201464
22.85943031
36.92368629
37.0280715
32.93757906
39.53366525
40.83846379
33.21547344
27.66929585
25.43640617
27.91721156
30.62079056
27.25216463
43.23330466
34.29789828
20.45143596
49.19148462
20.64935454
26.78370674
51.16264834
23.44990172
47.34861627
47.19935601
43.64310397
30.93872323
28.11074241
42.64776877
45.07895654
30.27795665
47.08592449
32.6109766
20.81559107
34.0485469
21.64856668
43.4227827
23.24468618
27.69346594
26.7225255
34.25842088
40.91786726
24.09498458
26.59761202
32.30540657
45.11529524
42.32341664
45.99476288
35.07404939
46.86408251
27.60136305
27.80633013
53.58045406
46.50892682
30.96155947
37.11465767
31.03546518
45.58138801
47.50073913
53.5724772
31.45084402
41.00869344
41.68309801
40.66790427
37.14484948
25.92268704
33.95323121
34.51224743
35.48003106
48.89652808
52.92006703
40.80855489
26.02340359
33.20254743
36.28256821
29.66218958
40.76809131
25.7846641
41.29383292
35.67008497
30.58363302
41.00577405
38.19025005
46.08972812
34.25031314
25.58618345
38.6218768
27.51902153
45.39705747
28.05771148
39.50867887
46.38130445