-84.3879824
-84.87541912
-83.75919817
-84.72604941
-83.59106267
-84.52386938
-83.8940121
-84.24173322
-84.40676598
-83.99608861
-84.1300447
-84.19990669
-84.41527406
-84.39123225
-84.49255258
-84.88407543
-83.77214829
-84.63174414
-84.42432054
-84.38036007
-83.69752236
-84.05234763
-83.93675362
-84.34998053
-84.31982906
-84.49158581
-83.85777723
-85.0443196
-84.60408025
-84.82119252
-84.61876141
-83.97046929
-83.95083444
-83.77464732
-84.41139656
-84.97332443
-84.54810838
-84.98581514
-84.74932984
-84.4320371
-84.66882365
-84.43627694
-84.86331869
-84.33903146
-84.79150778
-84.60709177
-84.29194608
-84.36564522
-84.05603641
-84.65387506
-85.1652702
-83.9263368
-85.11365521
-85.06608881
-83.62347293
-83.71076053
-84.86614615
-83.80811391
-83.98502213
-84.31749581
-84.0040289
-84.32157132
-84.8968846
-84.33664827
-83.87130762
-83.78571936
-83.93273692
-84.73293424
-84.91524454
-84.8780506
-84.34807747
-84.53037075
-84.14359943
-85.04755231
-84.61287564
-84.16486574
-84.70158686
-83.69710145
-85.05624373
-84.7267746
-84.20426102
-85.03207786
-84.32180838
-84.88205566
-84.13862363
-84.70684998
-84.78671093
-83.91621787
-84.79486698
-85.12404035
-84.94418093
-83.78993738
-84.06766709
-85.08944739
-84.97670145
-84.35255564
-84.5031451
-83.84795534
-85.11445822
-84.87518964
-84.62124609
-83.73676215
-84.37997089
-84.26190112
-83.98788596
-84.10936859
-84.6674033
-84.9579714
-84.59483212
-84.24145834
-83.87460678
-84.66066253
-84.84451373
-84.1498264
-85.1054758
-84.37522662
-83.81687299
-83.84508703
-85.18259678
-84.83895326
-84.88531916
-83.88151585
-85.16077566
-84.95379842
-84.51083407
-84.11978608
-85.22745559
-84.59221629
-84.00186457
-84.29998874
-84.07300076
-84.93205985
-84.16152475
-84.49534535
-83.84464503
-84.80602077
-83.58932202
-84.82368516
-83.97606411
-83.69559238
-84.22990038
-84.09287409
-84.02069078
-84.39931084
-84.84453843
-83.94565164
-84.68781466
-84.92608787
-84.23100778
-84.26994144
-84.31267684
-83.80891317
-84.25210054
-84.97226492
-84.05950548
-84.7732344
-85.03877282
-84.90209349
-84.14141318
-84.88893517
-84.74571949
-84.76592159
-84.34136686
-85.01413589
-83.94882252
-83.53873131
-83.89975195
-84.05350103
-84.57470977
-84.0145677
-84.24087959
-84.9305817
-83.87799848
-84.68681226
-83.81166594
-85.16595915
-85.14165101
-84.01237702
-84.59993341
-85.09567874
-84.86642041
-85.15071514
-84.72122368
-83.9999178
-84.48943724
-84.08558425
-84.02536044
-83.93518255
-84.25803453
-83.66467469
-84.40135697
-84.74725621
-84.71698551
-84.5813398
-84.49232705
-85.14059625
-83.91073533
-84.12464952
-84.26615939
-84.60091814
-83.81973775
-84.25066537
-84.23647486
-84.80270533
-85.03477888
-84.41102789
-84.23737407
-83.64520386
-84.18760924
-84.26596943
-84.45788043
-84.53838543
-84.39746569
-84.08948777
-84.19804699
-84.52270042
-84.26043737
-84.75320759
-84.18032709
-84.65204615
-84.01009415
-84.9774507
-84.59110605
-85.037358
-83.52368834
-84.7164514
-84.18095385
-83.76109284
-84.89281366
-84.96184131
-84.31100699
-84.17088657
-83.96720785
-83.54077904
-84.49130917
-84.06559013
-85.19342859
-84.94713977
-84.76388224
-83.72444874
-84.87623133
-83.62504942
-84.71628637
-83.93103113
-84.00510323
-84.95596123
-84.55189317
-84.04929802
-84.78889389
-83.79487192
-83.93534074
-84.35498547
-84.30332422
-85.00164973
-84.90302071
-84.33204313
-83.85268671
-84.04615635
-84.78664899
-84.01079017
-83.98120925
-84.15767805
-83.66289841
-84.82321313
-84.66359155
-84.64819461
-84.80896617
-84.11384398
-83.95469372
-84.74946677
-83.83534492
-85.05478404
-84.44734912
-84.05393418
-83.65494669
-83.66461525
-85.03650755
-83.96471812
-84.55070278
-84.9824915
-84.23253128
-84.93599886
-84.33776819
-84.59778929
-84.3137739
-84.32948206
-84.03509043
-83.74890627
-84.33098055
-84.51632922
-84.63482986
-84.4152971
-84.22029962
-84.52004828
-84.01994467
-83.93268361
-84.74851322
-85.02046296
-84.76432316
-85.17948908
-84.64626668
-84.37350658
-83.96050583
-84.89488671
-83.98941005
-84.20112685
-84.64645001
-84.49306825
-84.50685999
-84.16363372
-85.03274625
-84.53742726
-83.91884822
-83.77948316
-83.7296972
-84.06890192
-84.75154189
-84.07031229
-84.8345674
-83.82229317
-85.07035946
-84.64627346
-84.41979816
-85.21589461
-84.60997034
-84.20374598
-84.25150708
-83.63763393
-84.80866851
-84.27680922
-84.56328016
-84.15922611
-84.79270394
-84.48903581
-84.46976938
-84.4989274
-84.61505028
-83.64304743
-84.12659335
-84.65781567
-84.23988193
-84.9800013
-84.49998588
-83.62577119
-83.8692067
-84.81225259
-84.46719388
-83.65370996
-84.4925554
-83.92540879
-83.77987891
-84.52857876
-84.10687485
-84.65464791
-84.06654687
-84.29622494
-84.92629915
-83.75898476
-84.97986703
-84.88327679
-84.55638924
-83.59964534
-84.23695079
-83.80486584
-83.62356576
-84.63158877
-84.60600599
-84.29906567
-84.42982974
-84.85316251
-84.07979143
-84.54252128
-83.88445234
-84.4703576
-83.60135728
-84.51147845
-83.71919592
-84.24772175
-84.64707362
-83.7474013
-83.74113545
-84.27809601
-83.87734626
-84.57519327
-84.52028438
-84.51018621
-84.34243641
-84.55556157
-83.83843543
-84.24796743
-83.86511094
-83.95583564
-84.60588407
-84.30743329
-84.36142784
-84.06797304
-84.89668129
-84.98082754
-84.74122902
-83.54452036
-84.08543793
-83.64076793
-84.09215914
-83.69780879
-83.71894262
-84.75174208
-83.57515583
-84.10532987
-84.59445355
-84.91227581
-84.53606756
-84.04963027
-85.02393949
-84.70842636
-83.95464747
-83.77665599
-84.62143512
-84.39732646
-85.13148055
-83.73485997
-84.64228383
-83.75406819
-84.81385951
-84.80684676
-84.16375526
-84.54849144
-84.62560239
-83.6754215
-85.16834631
-84.27398734
-84.61795283
-83.96147034
-84.45596734
-84.08543584
-84.65156371
-83.72547215
-85.00459476
-84.83435269
-83.95215183
-84.58582525
-84.55849904
-84.27430879
-84.49321994
-85.04886268
-84.74154037
-84.11953769
-83.78136207
-84.63036737
-85.06953527
-84.19902865
-84.45161373
-84.72166244
-83.66810388
-83.59637316
-83.6931813
-83.98402955
-85.19187432
-83.55268079
-84.07593458
-84.48745238
-83.85021562
-84.54929121
-84.69970059
-85.14978719
-84.45461246
-84.61056627
-83.94847438
-84.0848379
-84.02404353
-84.25853142
-85.06760251
-84.26395782
-84.03468355
-84.16044584
-84.48882318
-83.70736514
-84.21852717
-84.21686678
-84.44990809
-84.71272084
-84.09383413
-84.49296198
-84.36841509
-84.33863018
-83.65870513
-84.68305213
-83.68202004
-84.39635703
-84.09187684
-84.16081394
-84.82286238
-83.89643597
-84.21108213
-83.90926031
-84.19660758
-84.93099353
-83.81620616
-84.28767857
-84.2876932
-84.5435944
-84.73866339